 0.6915830     -201.8095    
 0.6916091     -201.8237    
 0.6950408     -201.7862    
 0.6950669    -100.00000    
 0.6981765     -200.4625    
 0.6982026     -200.3911    
 0.6989700    -100.00000    
 0.7265526    -100.00000    
 0.7524875     -181.9277    
 0.7525136     -181.5562    
 0.7562684     -180.6668    
 0.7562944    -100.00000    
 0.7903624    -100.00000    
 0.8219512     -161.4897    
 0.8219773     -161.5887    
 0.8256871     -160.1259    
 0.8257132     -159.8822    
 0.8270964     -159.4630    
 0.8271225     -159.5014    
 0.8287464     -159.0172    
 0.8287724    -100.00000    
 0.8615415    -100.00000    
 0.8920105    -100.00000    
 0.9204814    -100.00000    
 0.9472000     -131.4019    
 0.9472261    -100.00000    
 0.9610684     -128.4274    
 0.9610945    -100.00000    
 0.9737423     -126.0437    
 0.9737684     -125.8072    
 0.9757254     -125.5317    
 0.9757515    -100.00000    
 0.9780505     -123.4955    
 0.9780766    -100.00000    
  1.002006    -100.00000    
  1.024685    -100.00000    
  1.066772    -100.00000    
  1.105139    -100.00000    
  1.140390    -100.00000    
  1.172993    -100.00000    
  1.203318    -100.00000    
  1.231664    -100.00000    
  1.258272     -92.81106    
  1.258298    -100.00000    
  1.281083     -91.70151    
  1.281109    -100.00000    
  1.305160     -89.80079    
  1.305186     -86.02669    
  1.326915     -84.65931    
  1.326941     -79.42756    
  1.346694     -77.59930    
  1.346720     -77.60826    
  1.362546     -77.06932    
  1.362572     -77.14423    
  1.390897     -76.68670    
  1.390924     -76.34640    
  1.416635     -75.92453    
  1.416661     -75.39637    
  1.443021     -75.00586    
  1.443047     -74.61031    
  1.465962     -74.06645    
  1.465988     -74.10600    
  1.485873     -73.94592    
  1.485899     -73.94590    
  1.499967     -73.88172    
  1.499993     -73.66680    
  1.524019     -76.50192    
  1.546785     -72.96302    
  1.546812    -100.00000    
  1.576132     -68.28770    
  1.576158    -100.00000    
  1.604777     -64.22558    
  1.604803    -100.00000    
  1.629435     -61.07586    
  1.629461    -100.00000    
  1.655483    -100.00000    
  1.680033    -100.00000    
  1.703270    -100.00000    
  1.725326     -51.28311    
  1.725352     -51.18860    
  1.731789     -50.64485    
  1.731815    -100.00000    
  1.759985    -100.00000    
  1.786439     -47.07299    
  1.786465    -100.00000    
  1.816267    -100.00000    
  1.844155     -44.26829    
  1.844181    -100.00000    
  1.873455     -43.27710    
  1.873481     -43.46357    
  1.905852     -42.54465    
  1.905878     -42.50459    
  1.913985     -42.37073    
  1.914011     -42.38452    
  1.926739     -42.16248    
  1.926765     -42.14870    
  1.927492     -42.13449    
  1.927518     -43.06325    
  1.953099     -41.45414    
  1.953125    -100.00000    
  1.992547     -39.87454    
  1.992573     -39.66924    
  1.994242     -39.59461    
  1.994268     -39.59508    
  1.996583     -39.48881    
  1.996609     -39.48628    
  1.997969     -39.42229    
  1.997995     -39.51652    
  2.007452     -38.97580    
  2.007478     -39.15653    
  2.018315     -38.35323    
  2.018341     -38.55498    
  2.028139     -38.10140    
  2.028165     -38.31310    
  2.036834     -37.38065    
  2.036860    -100.00000    
  2.054806     -36.00591    
  2.054832     -35.93528    
  2.061074     -35.34207    
  2.061100    -100.00000    
  2.077560     -34.07454    
  2.077586    -100.00000    
  2.096009     -32.57059    
  2.096035     -32.39994    
  2.097335     -32.29343    
  2.097361     -32.32312    
  2.101549     -31.96626    
  2.101575     -31.94818    
  2.102614     -31.86380    
  2.102640     -31.87815    
  2.105856     -31.61168    
  2.105882     -31.59886    
  2.106131     -31.57880    
  2.106157     -31.63819    
  2.111538     -31.17167    
  2.111564     -31.14358    
  2.111972     -31.11105    
  2.111998     -31.24768    
  2.119253     -30.57614    
  2.119279     -30.57957    
  2.124259     -30.16384    
  2.124285     -30.15082    
  2.127003     -29.93561    
  2.127029     -29.92668    
  2.127689     -29.87545    
  2.127715     -30.24196    
  2.137516     -29.18434    
  2.137543     -29.11851    
  2.138167     -29.07096    
  2.138193     -29.75502    
  2.149401     -28.30228    
  2.149427     -28.22515    
  2.150323     -28.15850    
  2.150349     -28.15576    
  2.150451     -28.14819    
  2.150478     -28.22137    
  2.156771     -27.71217    
  2.156797     -27.68664    
  2.158990     -27.52488    
  2.159016     -27.73276    
  2.168085     -26.91587    
  2.168111     -27.10021    
  2.177634     -26.24272    
  2.177660     -26.20901    
  2.181761     -25.91363    
  2.181787     -25.97299    
  2.188475     -25.46778    
  2.188501    -100.00000    
  2.202392     -24.59069    
  2.202418     -24.50326    
  2.204200     -24.38489    
  2.204226     -24.42447    
  2.209967     -24.02560    
  2.209993     -24.10062    
  2.217868     -23.52993    
  2.217894     -23.49363    
  2.217973     -23.48923    
  2.217999     -23.47525    
  2.218346     -23.48893    
  2.218372     -23.48653    
  2.218718     -23.47467    
  2.218745     -23.54812    
  2.225651     -23.12156    
  2.232450     -22.67558    
  2.232476     -22.65425    
  2.234725     -22.51512    
  2.234751     -22.53471    
  2.239647     -22.22635    
  2.239673     -22.22061    
  2.242461     -22.05819    
  2.242487     -22.05270    
  2.243634     -21.98357    
  2.243660     -21.98361    
  2.245376     -21.88132    
  2.245402     -21.90630    
  2.250751     -21.57631    
  2.250777     -21.56660    
  2.253726     -21.39196    
  2.253752     -21.39455    
  2.257114     -21.19700    
  2.260450     -21.00716    
  2.263761     -20.81399    
  2.267047     -20.62699    
  2.267073     -20.62893    
  2.270520     -20.43224    
  2.270546     -20.42518    
  2.271659     -20.36283    
  2.271685     -20.36075    
  2.271838     -20.35197    
  2.271864     -20.41071    
  2.273764     -20.25502    
  2.273790     -20.24552    
  2.275848     -20.12888    
  2.275875     -20.12954    
  2.278055     -20.01021    
  2.278081     -20.00947    
  2.280272     -19.88893    
  2.280298     -19.89410    
  2.283835     -19.69902    
  2.283861     -19.69248    
  2.285263     -19.61648    
  2.285289     -19.61488    
  2.286319     -19.55910    
  2.286345     -19.55731    
  2.286816     -19.53193    
  2.286843     -19.53162    
  2.289444     -19.39009    
  2.292031     -19.25769    
  2.294602     -19.11952    
  2.297158     -18.98708    
  2.297184     -18.98300    
  2.298013     -18.93977    
  2.298039     -18.94027    
  2.299510     -18.86086    
  2.299536     -18.85487    
  2.301188     -18.77435    
  2.302835     -18.69069    
  2.304475     -18.60690    
  2.306109     -18.52313    
  2.306135     -18.52132    
  2.307390     -18.45755    
  2.308642     -18.39388    
  2.308668     -18.39304    
  2.310145     -18.31822    
  2.311618     -18.24368    
  2.313085     -18.17017    
  2.314548     -18.09726    
  2.314574     -18.09495    
  2.315022     -18.07254    
  2.315048     -18.07192    
  2.315628     -18.04261    
  2.315654     -18.04167    
  2.316640     -17.99273    
  2.317624     -17.94391    
  2.317650     -17.94256    
  2.318472     -17.90191    
  2.318499     -17.90052    
  2.319125     -17.86956    
  2.319151     -17.86864    
  2.320138     -17.82006    
  2.321123     -17.77187    
  2.322105     -17.72366    
  2.323085     -17.67585    
  2.323111     -17.67480    
  2.324238     -17.62000    
  2.324264     -17.61859    
  2.325142     -17.57591    
  2.326019     -17.53357    
  2.326894     -17.49163    
  2.327767     -17.44899    
  2.327793     -17.44803    
  2.328784     -17.40061    
  2.329773     -17.35329    
  2.330760     -17.30615    
  2.331745     -17.25920    
  2.331771     -17.25774    
  2.332451     -17.22545    
  2.333131     -17.19320    
  2.333157     -17.19206    
  2.333940     -17.15505    
  2.334721     -17.11817    
  2.334747     -17.11716    
  2.335758     -17.06954    
  2.336767     -17.02218    
  2.337773     -16.97506    
  2.338777     -16.92814    
  2.338803     -16.92666    
  2.339391     -16.89930    
  2.339977     -16.87202    
  2.340563     -16.84480    
  2.341149     -16.81770    
  2.341175     -16.81634    
  2.341313     -16.80992    
  2.341339     -16.80871    
  2.341416     -16.80516    
  2.341442     -16.80409    
  2.341995     -16.77852    
  2.342548     -16.75298    
  2.342574     -16.75184    
  2.343152     -16.72517    
  2.343730     -16.69858    
  2.344307     -16.67207    
  2.344884     -16.64565    
  2.344910     -16.64476    
  2.345914     -16.59868    
  2.346415     -16.57559    
  2.346916     -16.55278    
  2.347416     -16.53031    
  2.347915     -16.50710    
  2.348414     -16.48491    
  2.348912     -16.46191    
  2.348938     -16.46083    
  2.349663     -16.42811    
  2.350387     -16.39545    
  2.350413     -16.39433    
  2.351174     -16.35991    
  2.351935     -16.32585    
  2.352694     -16.29181    
  2.353452     -16.25782    
  2.353478     -16.25205    
  2.354014     -16.24185    
  2.354040     -16.21223    
  2.354826     -16.50237    
  2.355610     -16.47643    
  2.356393     -16.50232    
  2.357175     -16.50719    
  2.357201     -16.50415    
  2.357613     -16.49225    
  2.357639     -15.53369    
  2.360689    -100.00000    
  2.360715     -15.89570    
  2.361482     -15.99498    
  2.361508    -100.00000    
  2.370561     -13.33582    
  2.370587    -100.00000    
  2.372143     -13.30196    
  2.372169     -13.24970    
  2.373576     -12.64913    
  2.373602     -12.48931    
  2.376732    -100.00000    
  2.376758     -13.22479    
  2.381432     -12.36147    
  2.381458     -12.42606    
  2.381604     -12.46997    
  2.381630     -12.44966    
  2.382020     -12.44103    
  2.382046     -12.46276    
  2.384696     -12.10886    
  2.384723     -12.07456    
  2.387156    -100.00000    
  2.387182     -13.16322    
  2.387250     -13.11803    
  2.387276     -12.25775    
  2.397757     -12.28407    
  2.397783     -12.35112    
  2.403737     -11.46452    
  2.403763     -11.65404    
  2.405849     -12.29895    
  2.405875     -12.03079    
  2.406950     -11.76133    
  2.406976     -11.46171    
  2.409375     -12.13113    
  2.409401     -14.09012    
  2.409997     -13.10494    
  2.410023    -100.00000    
  2.411532     -11.90173    
  2.411558     -11.82718    
  2.413129     -11.16834    
  2.413155     -11.20974    
  2.414139     -11.15749    
  2.414165     -11.16431    
  2.414800     -11.12645    
  2.414826     -11.08340    
  2.417258     -11.14841    
  2.417284     -11.20006    
  2.417479     -11.20973    
  2.417505     -11.25174    
  2.419934     -11.57917    
  2.419960     -10.90192    
  2.429044    -100.00000    
  2.429070     -11.85568    
  2.429812     -11.71813    
  2.429838     -11.68080    
  2.429941     -11.60855    
  2.429968    -100.00000    
  2.433545     -10.76130    
  2.433571     -10.68432    
  2.434793     -10.55886    
  2.434819     -10.52542    
  2.435600     -10.53233    
  2.435626     -10.59116    
  2.438130     -10.81398    
  2.438156     -10.91194    
  2.438775     -10.71748    
  2.438801     -10.63875    
  2.441117     -10.47157    
  2.441143     -10.66750    
  2.441622     -11.21881    
  2.441648     -10.86288    
  2.443145     -10.55341    
  2.443172     -10.33157    
  2.446855     -11.07163    
  2.446881     -10.80153    
  2.448077    -100.00000    
  2.448103     -11.67334    
  2.449403     -10.73618    
  2.449429    -100.00000    
  2.454802     -9.875448    
  2.454828     -10.25788    
  2.455220     -10.57384    
  2.455246     -10.60499    
  2.455715     -10.51169    
  2.455741     -10.44732    
  2.456057     -10.02125    
  2.456083     -9.935398    
  2.457136     -10.01554    
  2.457162     -10.12323    
  2.460232     -9.860093    
  2.460258     -11.74021    
  2.460625     -13.53825    
  2.460651     -12.20404    
  2.461200     -11.91699    
  2.461226     -11.88908    
  2.461623     -11.56178    
  2.461649     -10.81447    
  2.465081     -9.852153    
  2.465107     -9.746862    
  2.466316     -10.20158    
  2.466342     -10.82667    
  2.467007     -10.67574    
  2.467033    -100.00000    
  2.469850     -9.757967    
  2.469876     -9.742624    
  2.470870     -10.48575    
  2.470896     -10.16128    
  2.471160     -10.00763    
  2.471186     -9.985033    
  2.471286     -9.922618    
  2.471312     -9.898869    
  2.471592     -9.815340    
  2.471618     -9.816686    
  2.471859     -9.819426    
  2.471885     -9.789748    
  2.473938     -9.774020    
  2.473964     -10.08064    
  2.476473     -10.06314    
  2.476499     -9.895505    
  2.476658     -9.883653    
  2.476684     -10.71505    
  2.477008    -100.00000    
  2.477034    -100.00000    
  2.479576     -9.891945    
  2.479602     -10.17915    
  2.483495    -100.00000    
  2.483521     -10.73452    
  2.483855     -10.50873    
  2.483881     -10.48073    
  2.484161     -10.32634    
  2.484187     -10.31433    
  2.484225     -10.29951    
  2.484298     -10.26603    
  2.484324     -10.25164    
  2.484548     -10.16259    
  2.484574     -10.19081    
  2.487068     -10.76144    
  2.487094     -9.618030    
  2.490987     -9.549143    
  2.491013     -9.842452    
  2.491430     -9.745071    
  2.491456     -10.50783    
  2.493829     -10.12623    
  2.493855     -10.09045    
  2.494479     -9.710659    
  2.494505     -9.708272    
  2.496138     -10.35736    
  2.496164     -9.972180    
  2.497264     -9.595626    
  2.497290     -9.594516    
  2.497709     -9.533649    
  2.497735     -9.441433    
  2.498054     -9.861328    
  2.498080    -100.00000    
  2.501933     -8.831071    
  2.501959     -9.115118    
  2.503950     -9.566717    
  2.503976     -9.348406    
  2.504100     -9.344283    
  2.504126     -9.366682    
  2.506222     -9.392543    
  2.506248     -9.402111    
  2.506887    -100.00000    
  2.506913     -10.71518    
  2.507076     -10.37670    
  2.507102     -10.32384    
  2.507234     -10.18878    
  2.507260     -9.865204    
  2.508936     -9.890918    
  2.508962     -10.74378    
  2.509000     -10.71689    
  2.509026     -10.68802    
  2.509852     -10.33633    
  2.509878     -10.33243    
  2.510053     -10.82918    
  2.510079    -100.00000    
  2.511786     -9.527815    
  2.511813     -9.385285    
  2.512377     -8.988728    
  2.512404     -8.733278    
  2.514206     -8.753701    
  2.514232     -9.174103    
  2.515517     -9.097391    
  2.515543     -9.133078    
  2.515749     -9.176450    
  2.515775     -9.176779    
  2.515839     -9.181399    
  2.515866     -9.182109    
  2.515902     -9.181923    
  2.515928     -9.060673    
  2.516736     -11.16484    
  2.516763     -10.58757    
  2.516973     -10.06864    
  2.516999     -10.14135    
  2.517971     -9.667633    
  2.517997     -9.633548    
  2.518475     -9.428717    
  2.518501     -9.434282    
  2.519371     -9.149466    
  2.519397     -8.970640    
  2.523458     -9.025390    
  2.523485     -9.022792    
  2.526015     -9.117076    
  2.528531     -8.869398    
  2.528557     -8.931808    
  2.532645     -8.940475    
  2.532671     -8.965857    
  2.533864     -9.144908    
  2.533890     -9.150800    
  2.536637     -8.760008    
  2.539367     -9.078979    
  2.539394     -9.836318    
  2.542501     -8.678527    
  2.542527     -8.748144    
  2.544716     -8.820253    
  2.544742     -8.789452    
  2.546838     -8.871014    
  2.546864     -8.882351    
  2.547359     -8.878530    
  2.547385     -8.880410    
  2.547467     -8.880204    
  2.547493     -8.863167    
  2.551148     -8.601362    
  2.551174     -8.652897    
  2.551788     -8.687266    
  2.551814     -8.665094    
  2.555525     -8.726500    
  2.555551     -8.728271    
  2.558413     -8.864827    
  2.558439     -8.892496    
  2.558900     -8.655815    
  2.558926     -8.610674    
  2.562365     -8.725716    
  2.562391     -8.862759    
  2.562708     -8.867318    
  2.562735     -8.732569    
  2.565530     -8.579380    
  2.568307     -8.475020    
  2.568333     -8.539048    
  2.568399     -8.537254    
  2.568425     -8.535847    
  2.568740     -8.518019    
  2.568765     -8.519042    
  2.568792     -8.461479    
  2.571346     -8.762338    
  2.571372     -8.882361    
  2.571520     -8.889943    
  2.571546     -8.660874    
  2.573817    -100.00000    
  2.576076     -8.430520    
  2.576102     -8.095868    
  2.579478     -8.371614    
  2.582828     -8.363346    
  2.582854     -8.357059    
  2.584966     -8.372033    
  2.584992     -8.304777    
  2.586240     -8.685538    
  2.586266     -8.999004    
  2.588283    -100.00000    
  2.588309    -100.00000    
  2.589445     -8.477672    
  2.589471     -8.230290    
  2.590629     -8.076382    
  2.590655     -8.429621    
  2.592847     -8.234006    
  2.595028     -8.182476    
  2.595054     -8.235432    
  2.596291     -8.266082    
  2.596317     -8.286449    
  2.596347     -8.226213    
  2.597676     -8.884613    
  2.597703     -8.995489    
  2.599443     -8.531277    
  2.599469     -8.508894    
  2.600950     -8.032073    
  2.600976     -8.055269    
  2.603363     -8.039846    
  2.603390     -8.095837    
  2.606269     -8.140514    
  2.606295     -8.110740    
  2.606355     -8.107278    
  2.606381     -8.103135    
  2.607088     -8.087862    
  2.607114     -8.088986    
  2.607268     -8.085841    
  2.607294     -8.085186    
  2.607422     -8.081568    
  2.607448     -8.080786    
  2.607583     -8.077416    
  2.607610     -8.078083    
  2.608822     -8.079361    
  2.608848     -8.072734    
  2.611614     -8.062075    
  2.614363     -8.010957    
  2.614389     -8.016618    
  2.617047     -8.012596    
  2.619690     -7.949078    
  2.619716     -7.954610    
  2.620810     -7.959309    
  2.620836     -7.956486    
  2.620889     -7.956632    
  2.620915     -7.957254    
  2.621993     -7.958961    
  2.622019     -7.944560    
  2.625501     -8.060626    
  2.625527     -8.184125    
  2.626327     -8.127007    
  2.626353     -8.088883    
  2.627054     -7.764162    
  2.627080     -7.875313    
  2.630159     -7.826928    
  2.633217     -7.841135    
  2.633243     -7.767874    
  2.633616     -8.080590    
  2.633642     -8.381874    
  2.634860     -7.750551    
  2.634886     -7.729232    
  2.637264     -7.803793    
  2.637290     -7.755853    
  2.640667     -7.960787    
  2.640693     -8.100296    
  2.642655     -7.636138    
  2.644608     -7.671919    
  2.644634     -7.700934    
  2.645884     -7.758888    
  2.645910     -7.730772    
  2.646467     -7.643575    
  2.646493     -7.645196    
  2.646793     -7.665583    
  2.646819     -7.672034    
  2.648509     -7.685685    
  2.648535     -7.682526    
  2.648569     -7.683591    
  2.650611     -7.699376    
  2.650637     -7.674249    
  2.652053     -7.656938    
  2.652079     -7.688863    
  2.652535     -7.618970    
  2.652561     -7.616748    
  2.653789     -7.555076    
  2.653815     -7.559134    
  2.654544     -7.557282    
  2.654570     -7.488840    
  2.655879    -100.00000    
  2.655905     -8.385702    
  2.656887     -7.963817    
  2.656913     -7.927690    
  2.656969     -7.900684    
  2.656995     -7.890719    
  2.657324     -7.801550    
  2.657350     -7.784985    
  2.657529     -7.718883    
  2.657556     -7.788314    
  2.658514     -7.292201    
  2.658540     -7.121905    
  2.659819     -7.410247    
  2.659845     -7.455557    
  2.661662     -8.068796    
  2.661688     -7.876111    
  2.661741     -7.859501    
  2.661767     -7.695810    
  2.662869     -7.967820    
  2.662895     -8.165337    
  2.662923     -8.186607    
  2.663217     -8.217829    
  2.663243     -8.622084    
  2.664942     -7.529052    
  2.664968     -7.458873    
  2.666637     -7.258751    
  2.668300     -7.359935    
  2.668327     -7.387862    
  2.669554     -7.475606    
  2.670779     -7.396617    
  2.670805     -7.462749    
  2.672474     -7.458508    
  2.674136     -7.433181    
  2.674162     -7.365665    
  2.675402     -7.248078    
  2.675428     -7.265257    
  2.676854     -7.244756    
  2.676880     -7.150652    
  2.677782     -7.264001    
  2.677808     -7.351393    
  2.679265     -7.257963    
  2.680718     -7.349772    
  2.682165     -7.274264    
  2.683608     -7.231778    
  2.683634     -7.203395    
  2.684647     -7.213026    
  2.685650     -7.196960    
  2.685677     -7.215412    
  2.685745     -7.223437    
  2.685771     -7.228927    
  2.686018     -7.261728    
  2.686044     -7.301467    
  2.686551     -7.295988    
  2.686577     -7.289967    
  2.687604     -7.215215    
  2.688629     -7.240540    
  2.688655     -7.208197    
  2.689773     -7.163484    
  2.690888     -7.149386    
  2.690914     -7.160734    
  2.690957     -7.161282    
  2.690983     -7.156974    
  2.692104     -7.117527    
  2.692663     -7.130909    
  2.693221     -7.126846    
  2.693247     -7.134166    
  2.693930     -7.161185    
  2.694611     -7.194539    
  2.695292     -7.181782    
  2.695971     -7.133467    
  2.696650     -7.237974    
  2.697327     -7.191654    
  2.698003     -7.146482    
  2.698678     -7.178217    
  2.698704     -7.163872    
  2.698747     -7.161036    
  2.698773     -7.158118    
  2.699173     -7.154678    
  2.699199     -7.158989    
  2.699707     -7.160340    
  2.700214     -7.140495    
  2.700240     -7.144177    
  2.700517     -7.159973    
  2.700543     -7.162257    
  2.700562     -7.163673    
  2.700588     -7.168536    
  2.701102     -7.174578    
  2.701616     -7.189975    
  2.702128     -7.274235    
  2.702641     -7.148785    
  2.702667     -7.110086    
  2.704263     -7.115847    
  2.704289     -7.036575    
  2.704778     -7.012984    
  2.704804     -7.026738    
  2.705149     -7.091660    
  2.705176     -7.040334    
  2.706354    -100.00000    
  2.706380    -100.00000    
  2.707338     -7.261884    
  2.707364     -7.249447    
  2.708243     -6.935692    
  2.708265     -6.912930    
  2.708291     -6.904034    
  2.708382     -6.871399    
  2.708408     -6.862562    
  2.709302     -6.585915    
  2.709328     -6.592632    
  2.710066     -6.584534    
  2.710092     -6.186662    
  2.712261     -6.268855    
  2.712287     -6.382371    
  2.716426     -6.378117    
  2.716452     -7.003697    
  2.716512     -6.963941    
  2.716538     -6.591337    
  2.718970     -6.543692    
  2.721389     -6.762919    
  2.721415     -8.474944    
  2.721822     -7.555253    
  2.721848     -7.744519    
  2.724988     -6.558208    
  2.725014     -6.526949    
  2.725160     -6.497953    
  2.725186     -6.491429    
  2.725284     -6.474284    
  2.725310     -6.467470    
  2.725772     -6.434903    
  2.725798     -6.370554    
  2.727554     -6.630933    
  2.727580     -6.714966    
  2.728176     -6.571649    
  2.728202     -6.513906    
  2.728398     -6.424621    
  2.728424     -6.415507    
  2.728587     -6.385336    
  2.728613     -6.362765    
  2.730067     -6.426626    
  2.730093     -6.614757    
  2.733184     -7.461298    
  2.733210     -6.739331    
  2.734192     -6.684856    
  2.734218     -6.652108    
  2.735929     -6.583561    
  2.735955     -6.644507    
  2.736022     -6.650401    
  2.736048     -6.715824    
  2.737089     -6.517252    
  2.737115     -6.481448    
  2.738198     -6.861951    
  2.738224     -6.747760    
  2.738774     -6.486253    
  2.738800     -6.522875    
  2.740331     -6.709845    
  2.740357     -6.479821    
  2.742489     -6.780381    
  2.742515     -6.535015    
  2.742845     -7.065683    
  2.742871     -7.205353    
  2.746971     -6.558987    
  2.746997     -6.365316    
  2.749427     -6.304595    
  2.751831     -6.357714    
  2.751857     -6.441544    
  2.752111     -6.304819    
  2.752137     -5.993601    
  2.753459     -6.300511    
  2.753485     -6.246985    
  2.754539     -6.308727    
  2.754566     -6.256887    
  2.754881     -6.308110    
  2.754907     -6.314130    
  2.755529     -6.245644    
  2.755555     -6.404726    
  2.758504     -6.241297    
  2.758531     -6.043561    
  2.759057     -6.458241    
  2.759083     -6.409024    
  2.759298     -6.394734    
  2.759324     -6.438231    
  2.759941     -6.089665    
  2.759967     -5.872231    
  2.760777     -6.287226    
  2.760803     -6.573392    
  2.762338     -6.369366    
  2.762364     -6.158487    
  2.763494     -6.547732    
  2.763520     -6.083778    
  2.764607     -6.206020    
  2.764634     -6.520230    
  2.764790     -6.652082    
  2.764816     -6.839392    
  2.765431     -6.303610    
  2.765457     -6.125303    
  2.765786     -5.995674    
  2.765812     -6.099507    
  2.766720     -6.831449    
  2.766746     -6.542186    
  2.767599     -6.476941    
  2.767625     -6.447458    
  2.768816     -6.364075    
  2.768842     -6.406228    
  2.768873     -6.413178    
  2.768899     -6.423319    
  2.769246     -6.500121    
  2.769273     -6.372351    
  2.770825     -6.427818    
  2.770851     -6.531992    
  2.772571     -6.112980    
  2.772597     -6.131353    
  2.775871     -6.120928    
  2.775898     -6.027639    
  2.777571     -6.902224    
  2.777597    -100.00000    
  2.781452     -6.326905    
  2.781478     -6.302611    
  2.783779     -6.037404    
  2.783805     -6.224330    
  2.786347     -6.282127    
  2.786373     -6.493315    
  2.787394     -6.494433    
  2.787420     -6.405054    
  2.789379     -6.171958    
  2.789405     -6.092198    
  2.792084     -6.213000    
  2.792110     -6.110066    
  2.795992     -6.012720    
  2.796018     -5.978388    
  2.799330     -5.967976    
  2.799356     -6.164536    
  2.799768     -6.247455    
  2.799795     -6.325963    
  2.800685     -5.843855    
  2.800711     -5.933993    
  2.802982     -6.105382    
  2.803008     -6.082844    
  2.805911     -6.090594    
  2.808794     -5.955287    
  2.811659     -5.893417    
  2.814504     -6.032333    
  2.814531     -5.846934    
  2.815805     -6.103225    
  2.815831     -5.920191    
  2.816461     -5.783488    
  2.816487     -5.890124    
  2.817048     -6.004538    
  2.817074     -6.005837    
  2.818601     -5.785567    
  2.818627     -6.127202    
  2.822346     -6.105245    
  2.826033     -5.731261    
  2.826059     -5.835936    
  2.829643     -5.960047    
  2.829669     -5.832913    
  2.833025     -5.911737    
  2.833051     -5.728041    
  2.836279     -6.111395    
  2.836305     -7.999958    
  2.836473     -7.793719    
  2.836499    -100.00000    
  2.839407     -5.612169    
  2.839433     -5.467760    
  2.840448     -5.522045    
  2.840474     -5.656656    
  2.844142     -5.808188    
  2.844168     -5.755798    
  2.844752     -5.991600    
  2.844778     -5.979841    
  2.845644     -5.756873    
  2.845670     -5.805395    
  2.846022     -5.891897    
  2.846048     -5.883914    
  2.846084     -5.885152    
  2.846110     -5.882735    
  2.846350     -5.883165    
  2.846376     -5.898477    
  2.846960     -5.833481    
  2.846986    -100.00000    
  2.850315     -5.918886    
  2.850341     -5.857702    
  2.851138     -5.694436    
  2.851164     -5.638641    
  2.851303     -5.554945    
  2.851329     -5.530502    
  2.851635     -5.446089    
  2.851661     -5.460197    
  2.853000     -5.786372    
  2.853026     -5.711831    
  2.853688     -5.624868    
  2.853714     -5.715762    
  2.856751     -5.805958    
  2.856777     -5.735694    
  2.859747     -5.723290    
  2.859773     -5.798490    
  2.863227     -5.725748    
  2.863253     -5.745210    
  2.864041     -5.699726    
  2.864067     -5.713957    
  2.864202     -5.718949    
  2.864228     -5.743195    
  2.866992     -5.915390    
  2.867018     -5.961777    
  2.867101     -5.923379    
  2.867127     -5.820468    
  2.869323     -5.714857    
  2.871507     -5.735172    
  2.871533     -5.781264    
  2.871590     -5.784587    
  2.871617     -5.790605    
  2.871996     -5.761821    
  2.872022     -5.765307    
  2.874358     -5.691619    
  2.874384     -5.969481    
  2.876673     -7.353636    
  2.876699     -6.150754    
  2.877153     -5.973900    
  2.877179     -5.817913    
  2.880574     -5.492522    
  2.880600     -5.594662    
  2.882343     -5.686718    
  2.882369     -5.668464    
  2.882700     -5.680738    
  2.882726     -6.084196    
  2.885367     -6.902900    
  2.885393     -6.173469    
  2.886410     -5.756584    
  2.886436     -5.734996    
  2.886684     -5.665504    
  2.886711     -5.660670    
  2.887586     -5.499039    
  2.887612     -5.472274    
  2.888537     -5.493804    
  2.888563     -5.533700    
  2.889344     -5.598430    
  2.889370     -5.681057    
  2.891995     -5.761201    
  2.892021     -5.545940    
  2.893735     -5.822519    
  2.893761     -5.778101    
  2.894101     -5.670449    
  2.894127     -5.640105    
  2.895125     -5.712375    
  2.895151     -5.734381    
  2.895520     -5.731765    
  2.895547     -5.774374    
  2.896797    -100.00000    
  2.896824     -6.543853    
  2.897817     -6.048279    
  2.897843     -6.051437    
  2.900619     -5.704147    
  2.900645     -5.597593    
  2.901366     -5.482790    
  2.901392     -5.484306    
  2.905057     -5.800283    
  2.905083     -5.840250    
  2.905579     -5.665545    
  2.905605     -5.636309    
  2.907884     -5.820241    
  2.907910     -5.769615    
  2.908129     -5.673080    
  2.908155     -5.648418    
  2.908507     -5.566263    
  2.908533     -5.610845    
  2.909451     -5.681705    
  2.909477     -5.656809    
  2.910120     -5.717098    
  2.910146     -6.252410    
  2.913205     -5.786765    
  2.916242     -5.555094    
  2.916268     -5.685261    
  2.916557     -5.608576    
  2.916584     -5.599852    
  2.916815     -5.557860    
  2.916841     -5.553289    
  2.917202     -5.639581    
  2.917228     -5.660952    
  2.917946     -5.675809    
  2.917972     -5.569749    
  2.921796     -6.208582    
  2.921822    -100.00000    
  2.925060     -5.662057    
  2.925086     -5.784173    
  2.925714     -5.604501    
  2.925740     -5.531444    
  2.925879     -5.436480    
  2.925905     -5.418832    
  2.925971     -5.379692    
  2.925997     -5.321354    
  2.927585     -5.708911    
  2.927611     -5.613291    
  2.927702     -5.626050    
  2.927728     -5.628311    
  2.927981     -5.601649    
  2.928007     -5.606801    
  2.928701     -5.650568    
  2.928727     -5.630920    
  2.929157     -5.637013    
  2.929183     -5.637410    
  2.929555     -5.615363    
  2.929581     -5.611158    
  2.929997     -5.642414    
  2.930023     -5.650338    
  2.930276     -5.678156    
  2.930302     -5.679659    
  2.930635     -5.716471    
  2.930661     -5.716871    
  2.930674     -5.717674    
  2.930700     -5.721894    
  2.930993     -5.716411    
  2.931020     -5.710483    
  2.931455     -5.671642    
  2.931481     -5.698462    
  2.932685     -5.702439    
  2.932711     -5.620981    
  2.934676     -5.912525    
  2.934702     -5.996752    
  2.935383     -5.834989    
  2.935409     -5.646280    
  2.936838     -5.615555    
  2.936864     -5.676600    
  2.937442     -5.760566    
  2.937468     -5.745482    
  2.937555     -5.740188    
  2.937581     -5.723017    
  2.939148     -5.702908    
  2.939174     -5.736124    
  2.939362     -5.728617    
  2.939388     -5.701049    
  2.942758     -5.645551    
  2.942785     -5.666292    
  2.943789     -5.667704    
  2.943815     -5.655613    
  2.943844     -5.650596    
  2.944299     -5.649952    
  2.944325     -5.657958    
  2.945296     -5.653531    
  2.945322     -5.642145    
  2.946304     -5.676790    
  2.946330     -5.674139    
  2.946717     -5.677845    
  2.946743     -5.676381    
  2.946776     -5.675711    
  2.946802     -5.648886    
  2.950801     -5.670520    
  2.950827     -5.621768    
  2.951318     -5.618137    
  2.951344     -5.627064    
  2.951741     -5.633913    
  2.951767     -5.633225    
  2.952632     -5.631031    
  2.952658     -5.624868    
  2.953349     -5.660375    
  2.953375     -5.675359    
  2.953780     -5.683766    
  2.953806     -5.674955    
  2.954021     -5.650634    
  2.954047     -5.645681    
  2.954374     -5.628327    
  2.954391     -5.630020    
  2.954417     -5.628956    
  2.954846     -5.633010    
  2.954872     -5.632794    
  2.955769     -5.630438    
  2.955795     -5.635867    
  2.956192     -5.640726    
  2.956218     -5.645047    
  2.956377     -5.643694    
  2.956403     -5.642747    
  2.956852     -5.629984    
  2.956878     -5.625989    
  2.957651     -5.639139    
  2.957677     -5.641975    
  2.957733     -5.642587    
  2.957759     -5.643747    
  2.958652     -5.632738    
  2.958678     -5.628344    
  2.958733     -5.625755    
  2.958753     -5.624829    
  2.958779     -5.618102    
  2.959227     -5.632250    
  2.959253     -5.642199    
  2.959299     -5.649177    
  2.959325     -5.652507    
  2.959550     -5.702537    
  2.959576     -5.710118    
  2.959605     -5.717569    
  2.959622     -5.721694    
  2.959648     -5.728208    
  2.959673     -5.734226    
  2.959699     -5.742691    
  2.959869     -5.765220    
  2.959895     -5.761894    
  2.959946     -5.757275    
  2.959972     -5.737983    
  2.960724     -5.589065    
  2.960751     -5.615654    
  2.961052     -5.624272    
  2.961078     -5.622441    
  2.961152     -5.621245    
  2.961178    -100.00000    
  2.963811     -5.042286    
  2.963837     -4.888696    
  2.965349     -5.951309    
  2.965375     -5.263782    
  2.965604     -5.228898    
  2.965631     -5.390941    
  2.969258     -4.937152    
  2.969284     -4.804528    
  2.969806     -4.600957    
  2.969832     -4.856986    
  2.973371     -4.826058    
  2.973397     -4.742043    
  2.975759     -4.871384    
  2.975785     -4.981084    
  2.976196     -4.761058    
  2.976222     -4.658155    
  2.978818     -5.145861    
  2.981393     -4.857631    
  2.981419     -5.032183    
  2.981911     -5.065558    
  2.981937     -5.112893    
  2.982453     -4.381585    
  2.982479     -4.363474    
  2.982902     -4.575140    
  2.982928     -4.719223    
  2.985851     -4.845872    
  2.988755     -4.869626    
  2.991639     -5.826424    
  2.994504     -4.689904    
  2.997351     -5.975291    
  3.000178     -4.766354    
  3.002988     -4.964457    
  3.005779     -4.897337    
  3.005806     -4.923861    
  3.006660     -5.042329    
  3.006686     -4.809023    
  3.007985     -4.944301    
  3.008011     -5.061330    
  3.008377     -4.957422    
  3.008403     -4.932259    
  3.008422     -4.924659    
  3.008449     -4.858825    
  3.012132     -4.945359    
  3.015785     -4.966261    
  3.019407     -4.943064    
  3.022999     -4.810724    
  3.023025     -4.841758    
  3.024692     -4.818039    
  3.024718     -4.817946    
  3.027002     -4.829001    
  3.027028     -4.829781    
  3.028469     -4.819234    
  3.028496     -4.856503    
  3.028525     -4.860205    
  3.028551     -4.957688    
  3.030734     -5.500950    
  3.032906     -4.967186    
  3.032932     -4.692968    
  3.037051     -4.937037    
  3.041131     -4.978435    
  3.041157     -4.936197    
  3.041192     -4.931562    
  3.041218     -4.918876    
  3.041743     -4.892239    
  3.041769     -4.905953    
  3.044049     -4.943526    
  3.044075     -5.012353    
  3.046448     -4.880995    
  3.046474     -4.896833    
  3.047296     -4.899495    
  3.047322     -4.922259    
  3.051393     -5.040489    
  3.051419     -5.103921    
  3.053164     -4.910270    
  3.053190     -5.127620    
  3.056650     -5.085634    
  3.056676     -4.982223    
  3.057784     -5.009926    
  3.057810     -4.920477    
  3.060993     -5.088867    
  3.064153     -4.938303    
  3.064179     -5.024901    
  3.067832     -5.115463    
  3.067858     -4.933530    
  3.071967     -6.028215    
  3.071993     -5.608555    
  3.074546     -4.860304    
  3.074572     -4.820720    
  3.077401     -5.086158    
  3.080211     -5.132150    
  3.083004     -5.180657    
  3.085779     -5.457791    
  3.085805     -5.103447    
  3.088194     -5.122436    
  3.088220     -5.450501    
  3.089253     -5.050865    
  3.089279     -4.991539    
  3.091880     -5.073959    
  3.091906     -5.027351    
  3.092972     -5.013520    
  3.092998     -5.043783    
  3.093275     -5.079226    
  3.093301     -5.060842    
  3.095382     -5.105386    
  3.095408     -5.094988    
  3.096210     -5.018830    
  3.096236     -5.101808    
  3.099421     -5.139716    
  3.099447     -5.259582    
  3.099999     -5.140970    
  3.100025     -4.957876    
  3.102791     -5.114954    
  3.105540     -5.034027    
  3.105566     -5.071331    
  3.108813     -5.038681    
  3.112036     -5.063806    
  3.112062     -5.053153    
  3.114717     -5.054368    
  3.114743     -5.051095    
  3.114932     -5.060872    
  3.114958     -5.093195    
  3.115849     -5.040156    
  3.115875     -5.028965    
  3.116210     -5.070460    
  3.116236     -5.072988    
  3.116288     -5.076511    
  3.116314     -5.061968    
  3.117008     -5.126561    
  3.117034     -5.227083    
  3.117770     -5.073890    
  3.117796     -5.045446    
  3.118254     -5.032354    
  3.118280     -5.024693    
  3.118920     -5.025684    
  3.118946     -5.043174    
  3.121185     -5.085047    
  3.123412     -5.132704    
  3.123438     -5.075793    
  3.124647     -5.081303    
  3.124673     -5.082522    
  3.126028     -5.160348    
  3.126054     -5.053691    
  3.127717     -5.133345    
  3.127743     -5.054738    
  3.129255     -5.181541    
  3.129281     -5.152750    
  3.132456     -5.098437    
  3.135607     -5.100694    
  3.135633     -5.130232    
  3.136213     -5.155819    
  3.136239     -5.112628    
  3.139077     -5.165560    
  3.139103     -5.051342    
  3.141139     -5.166968    
  3.141166     -5.151208    
  3.143607     -5.140233    
  3.143633     -5.129097    
  3.144132     -5.145190    
  3.144158     -5.138776    
  3.144987     -5.140495    
  3.145013     -6.884826    
  3.146789     -5.841309    
  3.146815     -5.645970    
  3.146918     -5.587935    
  3.146944     -5.580260    
  3.147826     -5.228578    
  3.147852     -5.192479    
  3.148759     -5.098236    
  3.148785     -5.182916    
  3.149778     -4.880834    
  3.149804     -4.875421    
  3.150669     -5.141958    
  3.150696     -5.058218    
  3.151307     -4.994126    
  3.151333     -5.049753    
  3.152574     -5.270979    
  3.152600     -5.224952    
  3.153099     -5.205784    
  3.153125     -5.188720    
  3.153411     -5.149851    
  3.153437     -5.146888    
  3.153464     -5.142698    
  3.153490     -5.089087    
  3.155047     -5.311381    
  3.155073     -5.285608    
  3.156105     -5.244154    
  3.156131     -5.225506    
  3.159449     -5.349859    
  3.159475     -5.258715    
  3.159789     -5.192924    
  3.159815     -5.200411    
  3.164039     -5.253530    
  3.164065     -5.210760    
  3.164664     -5.248686    
  3.164690     -5.217078    
  3.166009     -5.293472    
  3.166035     -5.280131    
  3.168014     -5.294752    
  3.168040     -5.278041    
  3.171700     -5.255296    
  3.171726     -5.235076    
  3.173608     -5.303197    
  3.173634     -5.276570    
  3.174198     -5.266483    
  3.174224     -5.278178    
  3.178220     -5.279851    
  3.178246     -5.271652    
  3.179496     -5.348199    
  3.179523     -5.407020    
  3.180493     -5.418788    
  3.180519     -5.371750    
  3.181705     -5.265743    
  3.181731     -5.249668    
  3.181840     -5.246405    
  3.181866     -5.246451    
  3.181990     -5.248805    
  3.182017     -5.283583    
  3.184999     -5.326024    
  3.185025     -5.267997    
  3.186118     -5.279682    
  3.186144     -5.279431    
  3.187507     -5.590706    
  3.187524     -5.454439    
  3.187550     -5.396729    
  3.188369     -5.357879    
  3.188395     -5.480468    
  3.189386     -5.611999    
  3.189412     -5.408836    
  3.189917     -5.882762    
  3.189943     -6.976876    
  3.190993     -6.487579    
  3.191019     -6.456531    
  3.191149     -6.393116    
  3.191176     -6.496402    
  3.192254     -5.946717    
  3.192280     -5.941845    
  3.194916     -5.206042    
  3.194942     -5.212982    
  3.196947     -5.473144    
  3.196973     -5.450203    
  3.199833     -5.489319    
  3.199859     -5.396464    
  3.202175     -5.473110    
  3.202201     -5.411779    
  3.203193     -5.420376    
  3.203219     -5.476906    
  3.204704     -5.312169    
  3.204730     -5.434166    
  3.207396     -5.428710    
  3.207422     -5.418746    
  3.209165     -5.497723    
  3.209192     -5.488806    
  3.209905     -5.439430    
  3.209931     -5.514203    
  3.211746     -5.510859    
  3.211772     -5.534550    
  3.213910     -5.493577    
  3.213936     -5.503419    
  3.217562     -5.447243    
  3.217588     -5.394958    
  3.217734     -5.386599    
  3.217760     -5.373519    
  3.218195     -5.443606    
  3.218221     -5.465694    
  3.218359     -5.514427    
  3.218385     -5.485326    
  3.221432     -5.410128    
  3.224458     -5.478364    
  3.224484     -5.415032    
  3.226728     -5.515488    
  3.228960     -5.339353    
  3.231181     -5.449641    
  3.233391     -5.462890    
  3.233417     -5.472026    
  3.235869     -5.446980    
  3.238307     -5.504779    
  3.240731     -5.454863    
  3.243142     -5.437533    
  3.243168     -5.457322    
  3.246203     -5.449045    
  3.249217     -5.422444    
  3.249243     -5.469560    
  3.251269     -5.440843    
  3.251295     -5.447027    
  3.251554     -5.454692    
  3.251580     -5.453786    
  3.254930     -5.468104    
  3.258254     -5.495346    
  3.258280     -5.450096    
  3.261671     -5.512085    
  3.261697     -5.500455    
  3.263492     -5.481234    
  3.263518     -5.531795    
  3.267500     -5.471100    
  3.271446     -5.570331    
  3.271472     -5.520520    
  3.273283     -5.543190    
  3.273309     -5.504049    
  3.276784     -5.581009    
  3.276810     -5.489162    
  3.279737     -5.706164    
  3.279763     -5.675532    
  3.279904     -5.654575    
  3.279930     -5.656620    
  3.281693     -5.609987    
  3.281719     -5.564835    
  3.283569     -5.584239    
  3.283595     -5.565682    
  3.285864     -5.599616    
  3.285890     -5.578516    
  3.288494     -5.648279    
  3.288521     -5.652942    
  3.289058     -5.648200    
  3.289085     -5.613339    
  3.291445     -5.585522    
  3.291471     -5.558240    
  3.292687     -5.591447    
  3.292713     -5.528990    
  3.294701     -5.740933    
  3.294727     -5.624976    
  3.295769     -5.692920    
  3.295795     -5.703224    
  3.295928     -5.677815    
  3.295954     -5.667930    
  3.296323     -5.611823    
  3.296349     -5.609080    
  3.296793     -5.628399    
  3.296819     -5.606388    
  3.299472     -5.529290    
  3.299498     -5.551057    
  3.301162     -5.632139    
  3.301188     -5.630299    
  3.302957     -5.654756    
  3.302983     -5.714651    
  3.305105     -5.602839    
  3.305131     -5.606862    
  3.306016     -5.597718    
  3.306042     -5.592142    
  3.306917     -5.624841    
  3.306943     -5.610097    
  3.309394     -5.543447    
  3.309420     -5.551920    
  3.309880     -5.574203    
  3.309906     -5.579376    
  3.310654     -5.605150    
  3.310680     -5.595293    
  3.311009     -5.573885    
  3.311035     -5.572025    
  3.311357     -5.567740    
  3.311383     -5.566589    
  3.311855     -5.582820    
  3.311881     -5.588120    
  3.312043     -5.606809    
  3.312069     -5.654072    
  3.315866     -5.608844    
  3.319630     -5.630232    
  3.319656     -5.590696    
  3.322697     -5.649692    
  3.325716     -5.663907    
  3.328715     -5.618747    
  3.331694     -5.627094    
  3.334652     -5.651677    
  3.337590     -5.648092    
  3.340508     -5.661672    
  3.343407     -5.658436    
  3.343433     -5.653177    
  3.347340     -5.676291    
  3.351212     -5.681020    
  3.351238     -5.677271    
  3.351711     -5.683173    
  3.351737     -5.682351    
  3.354728     -5.696611    
  3.357698     -5.702527    
  3.360649     -5.700815    
  3.363579     -5.874657    
  3.363605     -5.905983    
  3.365511     -5.723189    
  3.365537     -5.594137    
  3.367465     -5.778956    
  3.367491     -5.716476    
  3.367518     -5.720812    
  3.368345     -5.733652    
  3.368371     -5.736663    
  3.369799     -5.743007    
  3.369825     -5.739225    
  3.371854     -5.751802    
  3.371880     -5.751476    
  3.373656     -5.756613    
  3.373682     -5.756030    
  3.377642     -5.767319    
  3.377668     -5.772114    
  3.379189     -5.773286    
  3.379215     -5.771261    
  3.382117     -5.796682    
  3.382143     -5.786778    
  3.385913     -5.794066    
  3.385939     -5.793943    
  3.389822     -5.806444    
  3.389848     -5.805502    
  3.391164     -5.814344    
  3.391190     -5.814287    
  3.395069     -5.827822    
  3.395095     -5.824677    
  3.397989     -5.835450    
  3.398015     -5.836572    
  3.398446     -5.838506    
  3.398472     -5.836679    
  3.400885     -5.848006    
  3.400911     -5.842457    
  3.402458     -5.848267    
  3.402485     -5.842228    
  3.403625     -5.875528    
  3.403651     -5.884398    
  3.404157     -5.856347    
  3.404183     -5.852725    
  3.406906     -5.864535    
  3.409611     -5.888528    
  3.412300     -5.881985    
  3.414973     -5.892160    
  3.414999     -5.893773    
  3.419305     -5.904412    
  3.419331     -5.904967    
  3.422393     -5.915759    
  3.425434     -5.936237    
  3.428454     -5.940014    
  3.431452     -5.954942    
  3.431479     -5.953083    
  3.434953     -5.970636    
  3.434979     -5.961673    
  3.438935     -5.976373    
  3.442855     -5.994466    
  3.442881     -5.986251    
  3.444964     -5.993625    
  3.444990     -5.992673    
  3.447490     -6.001460    
  3.449964     -6.016700    
  3.449990     -6.071268    
  3.452474     -6.007219    
  3.454944     -6.038547    
  3.454970     -6.036053    
  3.457932     -6.038307    
  3.460873     -6.047822    
  3.463795     -6.057479    
  3.466698     -6.068622    
  3.466724     -6.071174    
  3.467614     -6.074431    
  3.467640     -6.073030    
  3.468776     -6.073493    
  3.468802     -6.075730    
  3.469484     -6.079876    
  3.469510     -6.078976    
  3.469535     -6.078894    
  3.469561     -6.078724    
  3.469873     -6.077879    
  3.469899     -6.077894    
  3.470209     -6.078817    
  3.470235     -6.076616    
  3.471210     -6.093633    
  3.471236     -6.106668    
  3.472958     -6.084216    
  3.472984     -6.089659    
  3.474130     -6.092600    
  3.474156     -6.097452    
  3.477552     -6.110428    
  3.480921     -6.116289    
  3.480947     -6.126365    
  3.483093     -6.128464    
  3.483119     -6.123816    
  3.485987     -6.137495    
  3.486013     -6.133968    
  3.486615     -6.149212    
  3.486641     -6.145334    
  3.490491     -6.146583    
  3.494307     -6.181432    
  3.494333     -6.166755    
  3.498611     -6.182199    
  3.502847     -6.189341    
  3.502873     -6.202436    
  3.503909     -6.219982    
  3.503935     -6.201649    
  3.504049     -6.196074    
  3.504075     -6.189293    
  3.505750     -6.223981    
  3.505776     -6.225894    
  3.505983     -6.215937    
  3.506009     -6.206866    
  3.506922     -6.207708    
  3.506948     -6.208175    
  3.507287     -6.208677    
  3.507313     -6.212174    
  3.511219     -6.225471    
  3.511245     -6.220852    
  3.513248     -6.233700    
  3.513274     -6.236261    
  3.515834     -6.236581    
  3.515860     -6.238480    
  3.515893     -6.237185    
  3.518219     -6.251970    
  3.520533     -6.256332    
  3.522835     -6.264424    
  3.525125     -6.273202    
  3.527403     -6.282855    
  3.529669     -6.291028    
  3.531923     -6.295353    
  3.534166     -6.303600    
  3.534192     -6.303672    
  3.535341     -6.307711    
  3.535367     -6.307423    
  3.539376     -6.321736    
  3.539403     -6.324703    
  3.541647     -6.329808    
  3.543879     -6.333652    
  3.543905     -6.334151    
  3.544530     -6.339936    
  3.544556     -6.341819    
  3.545185     -6.345171    
  3.545211     -6.343910    
  3.545491     -6.342119    
  3.545517     -6.343640    
  3.548458     -6.356517    
  3.548484     -6.355095    
  3.550178     -6.358765    
  3.550205     -6.357711    
  3.552184     -6.369945    
  3.552210     -6.363124    
  3.553416     -6.370770    
  3.553442     -6.372463    
  3.553493     -6.373220    
  3.553519     -6.378715    
  3.555658     -6.377941    
  3.555684     -6.377772    
  3.556758     -6.380381    
  3.556785     -6.380332    
  3.557726     -6.385098    
  3.557752     -6.388770    
  3.558877     -6.404940    
  3.558903     -6.395105    
  3.559141     -6.391469    
  3.559167     -6.391656    
  3.559322     -6.391815    
  3.559348     -6.393579    
  3.560882     -6.407348    
  3.560908     -6.397646    
  3.561003     -6.395535    
  3.561024     -6.395281    
  3.561050     -6.394959    
  3.561076     -6.394670    
  3.561161     -6.394476    
  3.561188     -6.394444    
  3.561399     -6.396960    
  3.561425     -6.397489    
  3.561492     -6.398529    
  3.561518     -6.398891    
  3.561733     -6.402371    
  3.561759     -6.402864    
  3.561929     -6.406914    
  3.561955     -6.408455    
  3.562293     -6.415338    
  3.565712     -6.395152    
  3.565738     -6.333898    
  3.568684     -6.346205    
  3.568710     -6.393602    
  3.572276     -6.382739    
  3.572302     -6.386386    
  3.575184     -6.386124    
  3.578046     -6.398629    
  3.580890     -6.398576    
  3.583716     -6.448661    
  3.583742     -6.397464    
  3.586195     -6.429660    
  3.588634     -6.430329    
  3.591060     -6.430413    
  3.593472     -6.462087    
  3.595871     -6.435060    
  3.598257     -6.459680    
  3.600630     -6.455515    
  3.602990     -6.544347    
  3.603016     -6.481881    
  3.606561     -6.479539    
  3.610077     -6.518114    
  3.610103     -6.487736    
  3.614107     -6.526664    
  3.618075     -6.576931    
  3.618101     -6.527820    
  3.619098     -6.527826    
  3.619124     -6.526513    
  3.620549     -6.536848    
  3.620575     -6.546107    
  3.621884     -6.562073    
  3.621910     -6.552111    
  3.623350     -6.539743    
  3.623376     -6.558130    
  3.625657     -6.552699    
  3.627926     -6.567862    
  3.627952     -6.564622    
  3.630143     -6.566658    
  3.630428     -6.568480    
  3.632323     -6.577912    
  3.632349     -6.579190    
  3.634351     -6.600616    
  3.634377     -6.585149    
  3.637591     -6.596809    
  3.637617     -6.592230    
  3.640932     -6.637218    
  3.644221     -6.604825    
  3.644248     -6.630861    
  3.646952     -6.637186    
  3.649641     -6.647274    
  3.652313     -6.650623    
  3.654968     -6.665153    
  3.654994     -6.664638    
  3.656771     -6.709284    
  3.656798     -6.665325    
  3.659416     -6.679694    
  3.659442     -6.676534    
  3.663645     -6.706130    
  3.663672     -6.692315    
  3.666918     -6.707082    
  3.670140     -6.723022    
  3.670166     -6.756954    
  3.673528     -6.725859    
  3.673554     -6.739018    
  3.676435     -6.744216    
  3.679298     -6.748483    
  3.682141     -6.758475    
  3.684966     -6.777358    
  3.684992     -6.771067    
  3.685363     -6.774541    
  3.685390     -6.774258    
  3.685421     -6.772069    
  3.687761     -6.779926    
  3.687787     -6.779995    
  3.688738     -6.783705    
  3.688764     -6.783653    
  3.688892     -6.784044    
  3.688918     -6.765681    
  3.690761     -6.863740    
  3.690787     -6.826536    
  3.691489     -6.772443    
  3.691515     -6.792547    
  3.694842     -6.809254    
  3.694868     -6.817550    
  3.695395     -6.818602    
  3.695421     -6.815339    
  3.695548     -6.812855    
  3.695574     -6.828461    
  3.699531     -6.821057    
  3.703451     -6.849637    
  3.707337     -6.856011    
  3.711188     -6.865280    
  3.711214     -6.863570    
  3.712650     -6.889997    
  3.713266     -6.873325    
  3.713292     -6.876742    
  3.715965     -6.888959    
  3.718622     -6.895197    
  3.718648     -6.897869    
  3.719507     -6.900305    
  3.719533     -6.899467    
  3.719809     -6.900086    
  3.719835     -6.900090    
  3.720772     -6.904706    
  3.720798     -6.908591    
  3.721949     -6.911891    
  3.721976     -6.908380    
  3.726014     -6.924969    
  3.726040     -6.923611    
  3.729224     -6.936249    
  3.729250     -6.939397    
  3.730799     -6.942628    
  3.730825     -6.941716    
  3.733074     -6.950595    
  3.733100     -6.950678    
  3.736642     -6.965560    
  3.740157     -6.978892    
  3.740183     -6.975595    
  3.740658     -6.979368    
  3.740684     -6.978965    
  3.742813     -6.987793    
  3.742839     -6.987306    
  3.743010     -6.987388    
  3.743036     -6.987515    
  3.745487     -6.997085    
  3.747926     -7.006005    
  3.747952     -7.006151    
  3.748402     -7.007662    
  3.748428     -7.007786    
  3.750148     -7.014326    
  3.750174     -7.012796    
  3.751807     -7.028155    
  3.751825     -7.027210    
  3.751851     -7.026291    
  3.752945     -7.022519    
  3.752971     -7.025127    
  3.753218     -7.026124    
  3.753244     -7.026041    
  3.753912     -7.028661    
  3.753938     -7.028662    
  3.754688     -7.031424    
  3.754715     -7.031514    
  3.755025     -7.032715    
  3.755051     -7.032820    
  3.755248     -7.033606    
  3.755274     -7.033684    
  3.755553     -7.035071    
  3.755579     -7.035164    
  3.758844     -7.051772    
  3.758870     -7.050954    
  3.762813     -7.064942    
  3.766720     -7.079126    
  3.770592     -7.095003    
  3.774430     -7.122081    
  3.774456     -7.105664    
  3.777991     -7.122491    
  3.778017     -7.119817    
  3.778151     -7.121313    
  3.781504     -7.133658    
  3.781530     -7.133141    
  3.785355     -7.148502    
  3.789147     -7.161977    
  3.792906     -7.177217    
  3.796633     -7.190656    
  3.796659     -7.191159    
  3.799528     -7.201739    
  3.802378     -7.212630    
  3.802405     -7.212472    
  3.802753     -7.213723    
  3.802779     -7.213784    
  3.804109     -7.219624    
  3.804136     -7.219150    
  3.805742     -7.225173    
  3.805768     -7.225227    
  3.806039     -7.226346    
  3.806065     -7.226553    
  3.806646     -7.228672    
  3.806672     -7.228582    
  3.807576     -7.232121    
  3.807602     -7.232194    
  3.808354     -7.235176    
  3.808380     -7.235308    
  3.809479     -7.239502    
  3.809505     -7.239535    
  3.809846     -7.240988    
  3.809872     -7.241187    
  3.810525     -7.244126    
  3.810551     -7.243806    
  3.811407     -7.246580    
  3.811433     -7.246882    
  3.811548     -7.247313    
  3.811574     -7.247409    
  3.811599     -7.247501    
  3.811625     -7.247637    
  3.812345     -7.250384    
  3.812371     -7.250273    
  3.814695     -7.260002    
  3.817007     -7.268009    
  3.819307     -7.275970    
  3.821595     -7.325318    
  3.821621     -7.294311    
  3.823807     -7.292427    
  3.825982     -7.305694    
  3.830301     -7.319966    
  3.830327     -7.317553    
  3.834271     -7.335689    
  3.838180     -7.348607    
  3.838207     -7.349216    
  3.840521     -7.358681    
  3.842823     -7.367417    
  3.842849     -7.366767    
  3.843871     -7.371052    
  3.843897     -7.371354    
  3.847941     -7.386705    
  3.851948     -7.409357    
  3.855919     -7.416200    
  3.859853     -7.431959    
  3.859879     -7.432587    
  3.862843     -7.442764    
  3.865788     -7.459153    
  3.865814     -7.471863    
  3.866065     -7.475536    
  3.866091     -7.461041    
  3.868658     -7.464829    
  3.871210     -7.478143    
  3.871236     -7.477525    
  3.873680     -7.485027    
  3.876111     -7.494694    
  3.878528     -7.504492    
  3.880932     -7.513816    
  3.880959     -7.513372    
  3.883813     -7.524990    
  3.886649     -7.535197    
  3.889466     -7.546328    
  3.892265     -7.556888    
  3.892291     -7.557142    
  3.894417     -7.565666    
  3.894443     -7.565628    
  3.895163     -7.568567    
  3.895189     -7.568590    
  3.898690     -7.581541    
  3.898716     -7.581199    
  3.900445     -7.588982    
  3.900462     -7.589741    
  3.900488     -7.590940    
  3.901329     -7.592684    
  3.901356     -7.591554    
  3.902300     -7.595936    
  3.902326     -7.596372    
  3.903658     -7.600303    
  3.903684     -7.600694    
  3.904238     -7.602922    
  3.904264     -7.603483    
  3.905415     -7.608257    
  3.905441     -7.607461    
  3.905995     -7.609429    
  3.906021     -7.609653    
  3.906888     -7.613333    
  3.906914     -7.613413    
  3.907705     -7.616977    
  3.907731     -7.616764    
  3.908373     -7.620032    
  3.908399     -7.620604    
  3.908503     -7.621503    
  3.908529     -7.622598    
  3.912223     -7.634947    
  3.912249     -7.633960    
  3.913098     -7.637163    
  3.913124     -7.637247    
  3.913216     -7.637565    
  3.913243     -7.637651    
  3.913438     -7.638428    
  3.913465     -7.638548    
  3.913745     -7.639775    
  3.913771     -7.639881    
  3.913800     -7.640000    
  3.913826     -7.640107    
  3.913873     -7.640297    
  3.913899     -7.640400    
  3.913915     -7.640464    
  3.913940     -7.640562    
  3.913967     -7.640663    
  3.914112     -7.641209    
  3.914138     -7.642028    
  3.916945     -7.651792    
  3.916971     -7.645537    
  3.920612     -7.648286    
  3.924221     -7.664057    
  3.927801     -7.685765    
  3.931352     -7.696811    
  3.931378     -7.700059    
  3.935116     -7.710229    
  3.938821     -7.727129    
  3.938847     -7.716777    
  3.941053     -7.738602    
  3.943248     -7.732886    
  3.945432     -7.757478    
  3.947605     -7.749736    
  3.951918     -7.776458    
  3.956189     -7.787402    
  3.956215     -7.784820    
  3.959412     -7.807637    
  3.962586     -7.812510    
  3.965737     -7.821540    
  3.968865     -7.850294    
  3.968891     -7.844915    
  3.972582     -7.848233    
  3.976241     -7.867210    
  3.979870     -7.876220    
  3.983469     -7.906166    
  3.983495     -7.909632    
  3.985959     -7.900042    
  3.988409     -7.911251    
  3.990846     -7.927781    
  3.993269     -7.927748    
  3.993295     -7.931171    
  3.995544     -7.939929    
  3.997782     -7.948671    
  3.997808     -7.949519    
  4.001416     -7.962224    
  4.004993     -7.988244    
  4.008542     -7.989093    
  4.012062     -8.004400    
  4.015553     -8.019261    
  4.019017     -8.033522    
  4.022453     -8.045324    
  4.025862     -8.058649    
  4.025888     -8.058615    
  4.029667     -8.074281    
  4.033413     -8.088516    
  4.033440     -8.088398    
  4.034804     -8.093917    
  4.034830     -8.093918    
  4.038396     -8.108431    
  4.038422     -8.112700    
  4.039117     -8.109150    
  4.039143     -8.104317    
  4.042356     -8.137456    
  4.042382     -8.153272    
  4.044890     -8.126020    
  4.047383     -8.150601    
  4.047409     -8.145745    
  4.047809     -8.142449    
  4.047835     -8.143599    
  4.047865     -8.145056    
  4.051262     -8.158385    
  4.054633     -8.171473    
  4.057978     -8.184536    
  4.061297     -8.197861    
  4.061323     -8.197724    
  4.064372     -8.210252    
  4.067400     -8.221898    
  4.070406     -8.234163    
  4.073392     -8.245336    
  4.073418     -8.245543    
  4.075738     -8.254746    
  4.078046     -8.263993    
  4.078072     -8.263853    
  4.080271     -8.272534    
  4.080297     -8.272585    
  4.080888     -8.274923    
  4.080914     -8.275033    
  4.080998     -8.275366    
  4.081024     -8.275469    
  4.081040     -8.275531    
  4.081066     -8.275773    
  4.082224     -8.279750    
  4.082250     -8.281312    
  4.084297     -8.298743    
  4.084323     -8.287740    
  4.086519     -8.297415    
  4.088705     -8.305788    
  4.093043     -8.323220    
  4.097338     -8.340274    
  4.101591     -8.356635    
  4.101617     -8.356932    
  4.105086     -8.370363    
  4.108527     -8.379546    
  4.111941     -8.413980    
  4.115328     -8.410187    
  4.118689     -8.424605    
  4.122025     -8.437142    
  4.125335     -8.450251    
  4.128620     -8.463275    
  4.128646     -8.463452    
  4.131400     -8.474241    
  4.134137     -8.484857    
  4.136856     -8.495707    
  4.139559     -8.506497    
  4.142245     -8.517079    
  4.144915     -8.527465    
  4.147568     -8.538166    
  4.150205     -8.548312    
  4.150231     -8.548589    
  4.153104     -8.559873    
  4.155957     -8.571079    
  4.155983     -8.571176    
  4.156244     -8.572200    
  4.156270     -8.572313    
  4.158133     -8.579821    
  4.158160     -8.579918    
  4.158947     -8.582893    
  4.158973     -8.583035    
  4.161758     -8.593787    
  4.161784     -8.594010    
  4.163410     -8.600309    
  4.163436     -8.600520    
  4.163793     -8.601930    
  4.163819     -8.602016    
  4.163989     -8.602656    
  4.164015     -8.603931    
  4.168129     -8.614899    
  4.172204     -8.629759    
  4.176241     -8.645687    
  4.180241     -8.661783    
  4.184204     -8.680168    
  4.188131     -8.695752    
  4.192024     -8.709951    
  4.195882     -8.726039    
  4.195908     -8.725359    
  4.198350     -8.733963    
  4.200780     -8.744306    
  4.203195     -8.753615    
  4.205597     -8.763806    
  4.207986     -8.771318    
  4.210362     -8.785661    
  4.212725     -8.788868    
  4.215075     -8.799561    
  4.217413     -8.809843    
  4.219738     -8.820740    
  4.222051     -8.826994    
  4.224351     -8.836277    
  4.226639     -8.845717    
  4.228916     -8.859932    
  4.231180     -8.861356    
  4.233433     -8.872410    
  4.233459     -8.873668    
  4.235750     -8.881671    
  4.238029     -8.890278    
  4.240296     -8.897384    
  4.242552     -8.922110    
  4.244795     -8.914983    
  4.247028     -8.926135    
  4.249248     -8.934956    
  4.251458     -8.943538    
  4.251484     -8.944098    
  4.255470     -8.960020    
  4.259419     -8.974951    
  4.259445     -8.975468    
  4.261746     -8.984471    
  4.261772     -8.988606    
  4.265747     -9.000117    
  4.265773     -9.000345    
  4.266098     -9.001570    
  4.266124     -9.001748    
  4.269803     -9.015894    
  4.273452     -9.030472    
  4.277070     -9.048141    
  4.280658     -9.053718    
  4.284217     -9.077175    
  4.287747     -9.086405    
  4.291249     -9.103557    
  4.294722     -9.113938    
  4.294748     -9.115001    
  4.297714     -9.126907    
  4.300661     -9.138518    
  4.303587     -9.150160    
  4.306494     -9.161740    
  4.309381     -9.173093    
  4.312250     -9.184435    
  4.315099     -9.195744    
  4.317931     -9.205625    
  4.320743     -9.217847    
  4.323538     -9.229202    
  4.326314     -9.240130    
  4.329073     -9.251776    
  4.331815     -9.262020    
  4.334540     -9.272764    
  4.337247     -9.282364    
  4.339938     -9.300846    
  4.339964     -9.292397    
  4.343714     -9.309331    
  4.347431     -9.323829    
  4.347457     -9.323787    
  4.350370     -9.335270    
  4.353264     -9.347044    
  4.353290     -9.347459    
  4.353671     -9.348305    
  4.353698     -9.348359    
  4.356104     -9.357889    
  4.356130     -9.357497    
  4.357295     -9.362755    
  4.357321     -9.362513    
  4.357613     -9.363757    
  4.357639     -9.363915    
  4.357809     -9.364704    
  4.357835     -9.364815    
  4.360667     -9.375881    
  4.363481     -9.385176    
  4.366277     -9.396690    
  4.369055     -9.407636    
  4.371816     -9.418548    
  4.374559     -9.429423    
  4.377285     -9.440383    
  4.379993     -9.451000    
  4.382685     -9.461721    
  4.385361     -9.473011    
  4.388020     -9.484217    
  4.390662     -9.493429    
  4.393289     -9.504634    
  4.395900     -9.515616    
  4.398496     -9.523234    
  4.401076     -9.536282    
  4.403640     -9.544155    
  4.406190     -9.556933    
  4.408725     -9.564218    
  4.411245     -9.576686    
  4.413751     -9.585214    
  4.416242     -9.594810    
  4.418719     -9.604257    
  4.421182     -9.615513    
  4.423631     -9.622117    
  4.426066     -9.634119    
  4.428488     -9.642583    
  4.430896     -9.655258    
  4.433291     -9.661479    
  4.435673     -9.671719    
  4.438042     -9.681357    
  4.440398     -9.690450    
  4.440424     -9.690506    
  4.442834     -9.700846    
  4.445231     -9.711408    
  4.445257     -9.709575    
  4.447541     -9.718729    
  4.449813     -9.727780    
  4.452073     -9.736660    
  4.454321     -9.745434    
  4.456558     -9.754971    
  4.458783     -9.763390    
  4.460997     -9.773625    
  4.463200     -9.780840    
  4.465392     -9.789470    
  4.467572     -9.797999    
  4.471901     -9.814998    
  4.476187     -9.832280    
  4.480431     -9.849587    
  4.512967     -9.978146    
  4.512994     -9.977951    
  4.514640     -9.984674    
  4.514666     -9.985140    
  4.515975     -9.990474    
  4.516001     -9.989668    
  4.516171     -9.990285    
  4.516198     -9.991803    
  4.585499     -10.26704    
  4.585525     -10.26442    
  4.648519     -10.51552    
  4.648545     -10.51505    
  4.649578     -10.51920    
  4.649604     -10.51926    
  4.649869     -10.52032    
  4.649895     -10.52043    
  4.650065     -10.52112    
  4.650091     -10.52160    
  4.709795     -10.75977    
  4.709821     -10.75952    
  4.765784     -10.98229    
  4.765810     -10.98111    
  4.765853     -10.98128    
  4.765875     -10.98137    
  4.765901     -10.98147    
  4.766049     -10.98206    
  4.766075     -10.98281    
  4.818511     -11.19207    
  4.818536     -11.19206    
  4.868125     -11.38980    
  4.868151     -11.38753    
  4.868182     -11.38741    
  4.868208     -11.38732    
  4.868354     -11.38634    
  4.868380     -11.38404    
  4.915120     -11.57967    
  4.915146     -11.57713    
  4.959480     -11.75387    
  4.959506     -11.75346    
  4.959673     -11.75419    
  4.959697     -11.75432    
  4.959723     -11.75444    
  4.959869     -11.75519    
  4.959895     -11.75555    
  5.002051     -11.92352    
  5.002077     -11.92363    
  5.042016     -12.08303    
  5.042042     -12.08258    
  5.042458     -12.08413    
  5.042484     -12.08424    
  5.042511     -12.08435    
  5.042654     -12.08495    
  5.042681     -12.08512    
  5.081068     -12.23774    
  5.081094     -12.23439    
  5.117599     -12.37912    
  5.117625     -12.38305    
  5.118035     -12.38469    
  5.118061     -12.38479    
  5.118087     -12.38489    
  5.118232     -12.38548    
  5.118258     -12.38579    
  5.153493     -12.52537    
  5.153519     -12.52498    
  5.187234     -12.65790    
  5.187260     -12.65809    
  5.187559     -12.65914    
  5.187585     -12.65924    
  5.187614     -12.65934    
  5.187756     -12.65990    
  5.187782     -12.66124    
  5.251210     -12.91076    
  5.251236     -12.90942    
  5.251962     -12.91257    
  5.251988     -12.91272    
  5.252125     -12.91331    
  5.252151     -12.91400    
  5.311781     -13.14753    
  5.311807     -13.14781    
  5.311888     -13.14812    
  5.311914     -13.14823    
  5.312051     -13.14873    
  5.312078     -13.14941    
  5.368109     -13.36663    
  5.368135     -13.36726    
  5.420767     -13.57207    
  5.420793     -13.57148    
  5.470414     -13.76178    
  5.470440     -13.76173    
  5.517376     -13.94520    
  5.517402     -13.94335    
  5.561929     -14.11420    
  5.561955     -14.11785    
  5.604308     -14.26122    
  5.604334     -14.27653    
  5.644714     -14.42608    
  5.644741     -14.45081    
  6.105404     -16.19084    
  6.323885     -16.77458    
  6.576898     -17.50199    
  6.851770     -18.22599    
  7.139105     -18.95291    
  7.433122     -19.72575    
  7.730603     -20.55127    
  8.029847     -21.39899    
  8.329982     -22.26111    
  8.630563     -23.17548    
  8.931369    -100.00000    
