 0.6915830     -189.8544    
 0.6916091     -189.8554    
 0.6950408     -189.8586    
 0.6950669    -100.00000    
 0.6981765     -188.7229    
 0.6982026    -100.00000    
 0.7261927    -100.00000    
 0.7524875     -171.2353    
 0.7525136     -170.7897    
 0.7562684     -170.0573    
 0.7562944    -100.00000    
 0.7903624    -100.00000    
 0.8219512     -152.5003    
 0.8219773     -152.0269    
 0.8256871     -151.2898    
 0.8257132     -151.2264    
 0.8270964     -150.7076    
 0.8271225     -150.7508    
 0.8287464     -150.3099    
 0.8287724    -100.00000    
 0.8615415    -100.00000    
 0.8920105    -100.00000    
 0.9204814    -100.00000    
 0.9472000     -125.0944    
 0.9472261    -100.00000    
 0.9610684     -122.4304    
 0.9610945    -100.00000    
 0.9737423     -120.3126    
 0.9737684     -120.0888    
 0.9757254     -119.8543    
 0.9757515    -100.00000    
 0.9780505     -118.1251    
 0.9780766    -100.00000    
  1.002006    -100.00000    
  1.024685    -100.00000    
  1.066772    -100.00000    
  1.105139    -100.00000    
  1.140390    -100.00000    
  1.172993    -100.00000    
  1.203318    -100.00000    
  1.231664    -100.00000    
  1.258272     -90.30314    
  1.258298    -100.00000    
  1.281083     -88.89894    
  1.281109    -100.00000    
  1.305160     -87.07000    
  1.305186    -100.00000    
  1.326915     -81.66152    
  1.326941    -100.00000    
  1.346694     -75.01949    
  1.346720     -75.12774    
  1.362546     -74.43899    
  1.362572     -75.49059    
  1.390897     -73.64859    
  1.390924     -73.73372    
  1.416635     -72.72411    
  1.416661     -72.35476    
  1.443021     -71.35581    
  1.443047     -71.13793    
  1.465962     -70.38991    
  1.465988     -70.42296    
  1.485873     -70.19206    
  1.485899     -70.18797    
  1.499967     -70.07076    
  1.499993     -69.73654    
  1.524019    -100.00000    
  1.546785     -67.01243    
  1.546812    -100.00000    
  1.576132     -62.63752    
  1.576158    -100.00000    
  1.604777     -59.01329    
  1.604803    -100.00000    
  1.629435     -56.19721    
  1.629461    -100.00000    
  1.655483    -100.00000    
  1.680033    -100.00000    
  1.703270    -100.00000    
  1.725326     -47.60541    
  1.725352     -47.51393    
  1.731789     -47.05848    
  1.731815    -100.00000    
  1.759985    -100.00000    
  1.786439     -44.16577    
  1.786465    -100.00000    
  1.816267     -43.09228    
  1.844155     -42.17376    
  1.844181     -42.18995    
  1.873455     -41.66712    
  1.873481     -41.65767    
  1.905852     -41.38196    
  1.905878     -41.38214    
  1.913985     -41.31189    
  1.914011     -41.34155    
  1.926739     -41.09075    
  1.926765     -41.06597    
  1.927492     -41.04725    
  1.927518     -41.62513    
  1.953099     -40.34707    
  1.953125    -100.00000    
  1.992547     -38.87047    
  1.992573     -38.51748    
  1.994242     -38.38608    
  1.994268     -38.38930    
  1.996583     -38.20324    
  1.996609     -38.19788    
  1.997969     -38.08826    
  1.997995     -38.09029    
  2.000000     -38.05342    
  2.007452     -37.35714    
  2.007478     -39.49704    
  2.018315     -36.48592    
  2.018341     -36.84817    
  2.028139     -35.83839    
  2.028165     -36.18424    
  2.036834     -35.03742    
  2.036860    -100.00000    
  2.054806     -33.58450    
  2.054832     -33.51337    
  2.061074     -32.91080    
  2.061100    -100.00000    
  2.077560     -31.65017    
  2.077586    -100.00000    
  2.096009     -30.18431    
  2.096035     -30.02059    
  2.097335     -29.91793    
  2.097361     -29.94479    
  2.101549     -29.60265    
  2.101575     -29.58570    
  2.102614     -29.50465    
  2.102640     -29.51756    
  2.105856     -29.26247    
  2.105882     -29.25052    
  2.106131     -29.23129    
  2.106157     -29.28412    
  2.111538     -28.84093    
  2.111564     -28.81482    
  2.111972     -28.78374    
  2.111998     -28.90213    
  2.119253     -28.27238    
  2.119279     -28.27346    
  2.124259     -27.88049    
  2.124285     -27.86819    
  2.127003     -27.66412    
  2.127029     -27.65590    
  2.127689     -27.60727    
  2.127715     -27.90004    
  2.137516     -26.95076    
  2.137543     -26.89009    
  2.138167     -26.84511    
  2.138193     -27.32940    
  2.149401     -26.11732    
  2.149427     -26.04640    
  2.150323     -25.98359    
  2.150349     -25.98104    
  2.150451     -25.97390    
  2.150478     -26.03625    
  2.156771     -25.56217    
  2.156797     -25.53881    
  2.158990     -25.38678    
  2.159016     -25.55532    
  2.168085     -24.81305    
  2.168111     -24.95542    
  2.177634     -24.18146    
  2.177660     -24.14986    
  2.181761     -23.87423    
  2.181787     -23.92339    
  2.188475     -23.45630    
  2.188501     -24.41966    
  2.202392     -22.63531    
  2.202418     -22.55574    
  2.204200     -22.44530    
  2.204226     -22.47837    
  2.209967     -22.10875    
  2.209993     -22.16911    
  2.217868     -21.64574    
  2.217894     -21.61327    
  2.217973     -21.60739    
  2.217999     -21.65459    
  2.218346     -21.68168    
  2.218372     -21.66205    
  2.218718     -21.65215    
  2.218745     -21.80982    
  2.225651     -21.68000    
  2.232450     -21.13833    
  2.232476     -21.13252    
  2.234725     -21.00744    
  2.234751     -21.02542    
  2.239647     -20.75705    
  2.239673     -20.77469    
  2.242461     -20.72614    
  2.242487     -20.70645    
  2.243634     -20.65901    
  2.243660     -20.65930    
  2.245376     -20.56768    
  2.245402     -20.58442    
  2.250751     -20.29478    
  2.250777     -20.28990    
  2.253726     -20.14947    
  2.253752     -20.14738    
  2.257114     -19.95317    
  2.260450     -19.74561    
  2.263761     -19.60913    
  2.267047     -19.43898    
  2.267073     -19.44139    
  2.270520     -19.26688    
  2.270546     -19.26308    
  2.271659     -19.20452    
  2.271685     -19.20283    
  2.271838     -19.19214    
  2.271864     -19.25801    
  2.273764     -19.06079    
  2.273790     -19.03665    
  2.275848     -18.93841    
  2.275875     -18.95710    
  2.278055     -18.87670    
  2.278081     -18.87508    
  2.280272     -18.76729    
  2.280298     -18.77091    
  2.283835     -18.59459    
  2.283861     -18.58887    
  2.285263     -18.51885    
  2.285289     -18.51822    
  2.286319     -18.46681    
  2.286345     -18.46533    
  2.286816     -18.44136    
  2.286843     -18.40750    
  2.289444     -18.23466    
  2.292031     -18.18668    
  2.294602     -18.02857    
  2.297158     -17.93845    
  2.297184     -17.93234    
  2.298013     -17.89467    
  2.298039     -17.91988    
  2.299510     -17.77158    
  2.299536     -17.77419    
  2.301188     -17.69936    
  2.302835     -17.66380    
  2.304475     -17.58839    
  2.306109     -17.51205    
  2.306135     -17.51098    
  2.307390     -17.45153    
  2.308642     -17.39574    
  2.308668     -17.39153    
  2.310145     -17.32343    
  2.311618     -17.25276    
  2.313085     -17.18548    
  2.314548     -17.11975    
  2.314574     -17.11854    
  2.315022     -17.09333    
  2.315048     -17.09775    
  2.315628     -17.07446    
  2.315654     -17.07048    
  2.316640     -17.02325    
  2.317624     -16.97817    
  2.317650     -16.97768    
  2.318472     -16.94030    
  2.318499     -16.93822    
  2.319125     -16.91007    
  2.319151     -16.90990    
  2.320138     -16.86382    
  2.321123     -16.81974    
  2.322105     -16.77358    
  2.323085     -16.73164    
  2.323111     -16.72889    
  2.324238     -16.67906    
  2.324264     -16.67857    
  2.325142     -16.63878    
  2.326019     -16.60078    
  2.326894     -16.56210    
  2.327767     -16.52600    
  2.327793     -16.52259    
  2.328784     -16.47768    
  2.329773     -16.43401    
  2.330760     -16.39102    
  2.331745     -16.34674    
  2.331771     -16.34590    
  2.332451     -16.31639    
  2.333131     -16.28646    
  2.333157     -16.28536    
  2.333940     -16.25133    
  2.334721     -16.21726    
  2.334747     -16.21633    
  2.335758     -16.17244    
  2.336767     -16.12872    
  2.337773     -16.08516    
  2.338777     -16.04183    
  2.338803     -16.04053    
  2.339391     -16.01522    
  2.339977     -15.98999    
  2.340563     -15.96488    
  2.341149     -15.93982    
  2.341175     -15.93860    
  2.341313     -15.93265    
  2.341339     -15.93154    
  2.341416     -15.92825    
  2.341442     -15.92728    
  2.341995     -15.90362    
  2.342548     -15.88003    
  2.342574     -15.87895    
  2.343152     -15.85433    
  2.343730     -15.82975    
  2.344307     -15.80525    
  2.344884     -15.78084    
  2.344910     -15.77992    
  2.345914     -15.73737    
  2.346415     -15.71594    
  2.346916     -15.69487    
  2.347416     -15.67329    
  2.347915     -15.65622    
  2.348414     -15.63138    
  2.348912     -15.61092    
  2.348938     -15.60949    
  2.349663     -15.57977    
  2.350387     -15.54848    
  2.350413     -15.54788    
  2.351174     -15.51550    
  2.351935     -15.48506    
  2.352694     -15.45313    
  2.353452     -15.42137    
  2.353478     -15.42377    
  2.354014     -15.40007    
  2.354040     -15.51320    
  2.354826     -15.50883    
  2.355610     -15.57606    
  2.356393     -15.63632    
  2.357175     -15.62202    
  2.357201     -15.62116    
  2.357613     -15.60408    
  2.357639     -14.68901    
  2.360689    -100.00000    
  2.360715     -15.04530    
  2.361482     -15.12758    
  2.361508    -100.00000    
  2.370561     -12.83110    
  2.370587    -100.00000    
  2.372143     -12.73762    
  2.372169     -12.86192    
  2.373576     -11.95324    
  2.373602     -11.67421    
  2.376732    -100.00000    
  2.376758    -100.00000    
  2.381432     -11.58381    
  2.381458     -11.52402    
  2.381604     -11.54381    
  2.381630     -11.51458    
  2.382020     -11.49399    
  2.382046     -11.50433    
  2.384696     -11.23459    
  2.384723     -11.22673    
  2.387156    -100.00000    
  2.387182     -12.63904    
  2.387250     -12.50648    
  2.387276     -11.72944    
  2.397757     -11.56709    
  2.397783     -11.72088    
  2.403737     -10.64217    
  2.403763     -10.84175    
  2.405849     -11.25688    
  2.405875     -11.05649    
  2.406950     -10.81116    
  2.406976     -10.59248    
  2.409375     -11.36759    
  2.409401     -13.27027    
  2.409997     -12.47979    
  2.410023    -100.00000    
  2.411532     -11.50100    
  2.411558     -12.43173    
  2.413129     -10.54209    
  2.413155     -10.49170    
  2.414139     -10.41006    
  2.414165     -10.40300    
  2.414800     -10.40558    
  2.414826     -10.38945    
  2.417258     -10.43152    
  2.417284     -10.40194    
  2.417479     -10.40677    
  2.417505     -10.63978    
  2.419934     -10.97460    
  2.419960     -10.20683    
  2.429044    -100.00000    
  2.429070     -11.25303    
  2.429812     -11.01778    
  2.429838     -10.95978    
  2.429941     -10.88457    
  2.429968     -11.56062    
  2.433545     -9.990732    
  2.433571     -9.951557    
  2.434793     -9.840565    
  2.434819     -9.825134    
  2.435600     -9.879919    
  2.435626     -9.951093    
  2.438130     -10.03402    
  2.438156     -10.06754    
  2.438775     -10.26242    
  2.438801     -10.01780    
  2.441117     -9.810037    
  2.441143     -9.818344    
  2.441622     -10.30707    
  2.441648     -10.23527    
  2.443145     -9.779060    
  2.443172     -9.681416    
  2.446855     -10.24926    
  2.446881     -9.924590    
  2.448077    -100.00000    
  2.448103     -11.04214    
  2.449403     -10.28176    
  2.449429     -10.03364    
  2.454802     -9.489426    
  2.454828     -9.591172    
  2.455220     -9.634325    
  2.455246     -9.642309    
  2.455715     -9.672599    
  2.455741     -9.668505    
  2.456057     -9.583054    
  2.456083     -9.531607    
  2.457136     -9.312788    
  2.457162     -9.330857    
  2.460232     -9.475735    
  2.460258     -11.01148    
  2.460625     -11.74589    
  2.460651     -11.45168    
  2.461200     -10.65666    
  2.461226     -10.46425    
  2.461623     -10.06654    
  2.461649     -9.877894    
  2.465081     -9.392273    
  2.465107     -9.307809    
  2.466316     -9.305312    
  2.466342     -10.10157    
  2.467007     -9.872490    
  2.467033     -9.845891    
  2.469850     -9.389872    
  2.469876     -9.183124    
  2.470870     -9.274297    
  2.470896     -9.375988    
  2.471160     -9.442711    
  2.471186     -9.434344    
  2.471286     -9.425894    
  2.471312     -9.424246    
  2.471592     -9.360749    
  2.471618     -9.352245    
  2.471859     -9.288502    
  2.471885     -9.192027    
  2.473938     -9.278459    
  2.473964     -9.379945    
  2.476473     -9.697565    
  2.476499     -9.446767    
  2.476658     -9.375922    
  2.476684     -10.11596    
  2.477008    -100.00000    
  2.477034    -100.00000    
  2.479576     -9.453464    
  2.479602     -9.654123    
  2.483495     -10.89697    
  2.483521     -10.33147    
  2.483855     -10.12103    
  2.483881     -10.12867    
  2.484161     -9.983774    
  2.484187     -9.994884    
  2.484225     -9.974816    
  2.484298     -9.935614    
  2.484324     -9.928782    
  2.484548     -9.848659    
  2.484574     -9.875832    
  2.487068     -10.20199    
  2.487094     -9.758345    
  2.490987     -8.830200    
  2.491013     -9.038717    
  2.491430     -9.024108    
  2.491456     -9.892477    
  2.493829     -9.257381    
  2.493855     -9.320201    
  2.494479     -9.097449    
  2.494505     -9.380355    
  2.496138     -9.793909    
  2.496164     -9.447413    
  2.497264     -9.116533    
  2.497290     -9.091206    
  2.497709     -8.994898    
  2.497735     -8.908698    
  2.498054     -9.214647    
  2.498080    -100.00000    
  2.501933     -8.569655    
  2.501959     -8.393550    
  2.503950     -8.777822    
  2.503976     -8.622294    
  2.504100     -8.602986    
  2.504126     -8.648345    
  2.506222     -8.662990    
  2.506248     -8.694946    
  2.506887    -100.00000    
  2.506913     -9.695295    
  2.507076     -9.815993    
  2.507102     -9.713371    
  2.507234     -9.565881    
  2.507260     -9.308570    
  2.508936     -9.330749    
  2.508962     -10.00698    
  2.509000     -9.960153    
  2.509026     -10.12430    
  2.509852     -9.462297    
  2.509878     -9.260318    
  2.510053     -10.56311    
  2.510079     -11.80898    
  2.511786     -8.854133    
  2.511813     -8.832895    
  2.512377     -8.643181    
  2.512404     -8.621930    
  2.514206     -8.268277    
  2.514232     -8.320472    
  2.515517     -8.930363    
  2.515543     -8.651057    
  2.515749     -8.559344    
  2.515775     -8.547747    
  2.515839     -8.526522    
  2.515866     -8.519334    
  2.515902     -8.509968    
  2.515928     -8.376592    
  2.516736    -100.00000    
  2.516763     -9.520695    
  2.516973     -9.481299    
  2.516999     -9.425213    
  2.517971     -9.065415    
  2.517997     -9.062592    
  2.518475     -8.908815    
  2.518501     -8.911044    
  2.519371     -8.647215    
  2.519397     -8.450188    
  2.523458     -8.390643    
  2.523485     -8.387493    
  2.526015     -8.428880    
  2.528531     -8.446915    
  2.528557     -8.315440    
  2.532645     -8.278797    
  2.532671     -8.424442    
  2.533864     -8.281477    
  2.533890     -8.366491    
  2.536637     -8.274851    
  2.539367     -8.296310    
  2.539394     -8.925063    
  2.542501     -8.129998    
  2.542527     -7.997801    
  2.544716     -8.082120    
  2.544742     -8.048999    
  2.546838     -8.108089    
  2.546864     -8.138662    
  2.547359     -8.140111    
  2.547385     -8.140588    
  2.547467     -8.147435    
  2.547493     -8.114564    
  2.551148     -8.111417    
  2.551174     -8.029701    
  2.551788     -8.052951    
  2.551814     -8.062432    
  2.555525     -7.937349    
  2.555551     -7.929056    
  2.558413     -8.503312    
  2.558439     -8.340824    
  2.558900     -8.313838    
  2.558926     -7.947589    
  2.562365     -7.927437    
  2.562391     -7.975532    
  2.562708     -8.025277    
  2.562735     -7.998143    
  2.565530     -8.296781    
  2.568307     -7.731853    
  2.568333     -7.779506    
  2.568399     -7.782895    
  2.568425     -7.786434    
  2.568740     -7.800800    
  2.568765     -7.798504    
  2.568792     -7.697045    
  2.571346     -7.933009    
  2.571372     -7.930788    
  2.571520     -7.923741    
  2.571546     -7.814223    
  2.573817    -100.00000    
  2.576076     -7.891543    
  2.576102     -7.667313    
  2.579478     -7.577666    
  2.582828     -7.697620    
  2.582854     -7.739895    
  2.584966     -7.750940    
  2.584992     -7.682685    
  2.586240     -8.151549    
  2.586266     -8.387106    
  2.588283    -100.00000    
  2.588309     -9.208332    
  2.589445     -8.401746    
  2.589471     -8.359203    
  2.590629     -8.062998    
  2.590655     -8.081020    
  2.592847     -7.758939    
  2.595028     -7.470805    
  2.595054     -7.597982    
  2.596291     -7.674056    
  2.596317     -7.612424    
  2.596347     -7.538654    
  2.597676     -8.780335    
  2.597703     -8.545100    
  2.599443     -7.916766    
  2.599469     -7.859860    
  2.600950     -7.543047    
  2.600976     -7.479650    
  2.603363     -7.362343    
  2.603390     -7.345561    
  2.606269     -7.563531    
  2.606295     -7.522920    
  2.606355     -7.518400    
  2.606381     -7.520613    
  2.607088     -7.482127    
  2.607114     -7.466309    
  2.607268     -7.437740    
  2.607294     -7.432786    
  2.607422     -7.416078    
  2.607448     -7.413715    
  2.607583     -7.410176    
  2.607610     -7.428507    
  2.608822     -7.389401    
  2.608848     -7.382227    
  2.611614     -7.393354    
  2.614363     -7.399760    
  2.614389     -7.281719    
  2.617047     -7.408984    
  2.619690     -7.266944    
  2.619716     -7.261493    
  2.620810     -7.294996    
  2.620836     -7.286871    
  2.620889     -7.285073    
  2.620915     -7.275470    
  2.621993     -7.322231    
  2.622019     -7.346503    
  2.625501     -7.464353    
  2.625527     -7.442987    
  2.626327     -7.629158    
  2.626353     -7.634721    
  2.627054     -7.472128    
  2.627080     -7.279799    
  2.630159     -7.214269    
  2.633217     -7.267957    
  2.633243     -7.247360    
  2.633616     -7.328529    
  2.633642     -7.362523    
  2.634860     -7.170030    
  2.634886     -7.186912    
  2.637264     -7.159111    
  2.637290     -7.161215    
  2.640667     -7.358668    
  2.640693     -7.788709    
  2.642655     -7.120320    
  2.644608     -7.035254    
  2.644634     -7.073564    
  2.645884     -7.175633    
  2.645910     -7.190072    
  2.646467     -7.202837    
  2.646493     -7.184357    
  2.646793     -7.108637    
  2.646819     -7.034785    
  2.648509     -7.066507    
  2.648535     -7.069355    
  2.648569     -7.075886    
  2.650611     -7.079282    
  2.650637     -7.104776    
  2.652053     -7.112581    
  2.652079     -7.111570    
  2.652535     -7.111296    
  2.652561     -7.073412    
  2.653789     -7.017304    
  2.653815     -7.030985    
  2.654544     -7.104156    
  2.654570     -6.994231    
  2.655879     -9.182412    
  2.655905     -7.608147    
  2.656887     -7.218644    
  2.656913     -7.207553    
  2.656969     -7.193758    
  2.656995     -7.190184    
  2.657324     -7.138499    
  2.657350     -7.130818    
  2.657529     -7.112222    
  2.657556     -7.104572    
  2.658514     -7.113543    
  2.658540     -7.156293    
  2.659819     -6.776403    
  2.659845     -6.801451    
  2.661662     -7.531927    
  2.661688     -7.211941    
  2.661741     -7.192319    
  2.661767     -7.051821    
  2.662869     -7.361977    
  2.662895     -7.544865    
  2.662923     -7.556088    
  2.663217     -7.534515    
  2.663243     -7.466679    
  2.664942     -7.110491    
  2.664968     -7.164291    
  2.666637     -6.868404    
  2.668300     -6.830411    
  2.668327     -6.866975    
  2.669554     -6.924426    
  2.670779     -6.950999    
  2.670805     -6.957724    
  2.672474     -6.977665    
  2.674136     -7.004574    
  2.674162     -6.950146    
  2.675402     -6.926551    
  2.675428     -6.925140    
  2.676854     -6.893614    
  2.676880     -6.865366    
  2.677782     -6.878366    
  2.677808     -6.931099    
  2.679265     -6.860856    
  2.680718     -6.857641    
  2.682165     -6.902141    
  2.683608     -6.859853    
  2.683634     -6.861225    
  2.684647     -6.846692    
  2.685650     -6.929871    
  2.685677     -6.883668    
  2.685745     -6.866759    
  2.685771     -6.865232    
  2.686018     -6.799251    
  2.686044     -6.796907    
  2.686551     -6.868740    
  2.686577     -6.921444    
  2.687604     -6.865952    
  2.688629     -6.827070    
  2.688655     -6.844094    
  2.689773     -6.839093    
  2.690888     -6.900295    
  2.690914     -6.796660    
  2.690957     -6.773603    
  2.690983     -6.682291    
  2.692104     -6.835841    
  2.692663     -6.804672    
  2.693221     -6.724194    
  2.693247     -6.747099    
  2.693930     -6.778967    
  2.694611     -6.741390    
  2.695292     -6.755466    
  2.695971     -6.758901    
  2.696650     -6.795597    
  2.697327     -6.807778    
  2.698003     -6.765626    
  2.698678     -6.766760    
  2.698704     -6.760732    
  2.698747     -6.756780    
  2.698773     -6.750388    
  2.699173     -6.741645    
  2.699199     -6.755569    
  2.699707     -6.767195    
  2.700214     -6.750696    
  2.700240     -6.753533    
  2.700517     -6.760494    
  2.700543     -6.761115    
  2.700562     -6.761593    
  2.700588     -6.765720    
  2.701102     -6.786275    
  2.701616     -6.790011    
  2.702128     -6.814715    
  2.702641     -6.850144    
  2.702667     -6.898109    
  2.704263     -6.657834    
  2.704289     -6.716462    
  2.704778     -6.726510    
  2.704804     -6.726416    
  2.705149     -6.753641    
  2.705176     -6.680503    
  2.706354    -100.00000    
  2.706380    -100.00000    
  2.707338     -7.134965    
  2.707364     -7.038443    
  2.708243     -6.637566    
  2.708265     -6.634806    
  2.708291     -6.627930    
  2.708382     -6.604580    
  2.708408     -6.585271    
  2.709302     -6.438062    
  2.709328     -6.498786    
  2.710066     -6.218576    
  2.710092     -5.986562    
  2.712261     -5.924673    
  2.712287     -6.063272    
  2.716426     -5.988969    
  2.716452     -6.345615    
  2.716512     -6.453892    
  2.716538     -6.604208    
  2.718970     -6.219780    
  2.721389     -6.808192    
  2.721415     -8.132148    
  2.721822     -7.176117    
  2.721848     -7.618124    
  2.724988     -6.250884    
  2.725014     -6.269107    
  2.725160     -6.269700    
  2.725186     -6.267767    
  2.725284     -6.268121    
  2.725310     -6.281346    
  2.725772     -6.239242    
  2.725798     -6.035384    
  2.727554     -6.041876    
  2.727580     -6.206338    
  2.728176     -6.549520    
  2.728202     -6.496164    
  2.728398     -6.517177    
  2.728424     -6.515710    
  2.728587     -6.502302    
  2.728613     -6.329773    
  2.730067     -6.000469    
  2.730093     -6.296829    
  2.733184     -6.682497    
  2.733210     -6.442619    
  2.734192     -6.450970    
  2.734218     -6.488045    
  2.735929     -6.206031    
  2.735955     -6.169513    
  2.736022     -6.158567    
  2.736048     -6.126260    
  2.737089     -6.622274    
  2.737115     -6.514352    
  2.738198     -6.083999    
  2.738224     -6.444784    
  2.738774     -6.941120    
  2.738800     -6.461750    
  2.740331     -6.211759    
  2.740357     -6.312201    
  2.742489     -6.316749    
  2.742515     -6.511671    
  2.742845     -6.884431    
  2.742871     -6.752965    
  2.746971     -6.394344    
  2.746997     -6.317893    
  2.749427     -6.018094    
  2.751831     -5.940621    
  2.751857     -6.002639    
  2.752111     -6.014576    
  2.752137     -6.244250    
  2.753459     -5.653541    
  2.753485     -5.993073    
  2.754539     -6.077546    
  2.754566     -6.091146    
  2.754881     -5.972362    
  2.754907     -5.932393    
  2.755529     -6.047694    
  2.755555     -5.996393    
  2.758504     -6.227225    
  2.758531     -6.147523    
  2.759057     -5.776055    
  2.759083     -5.736468    
  2.759298     -5.822905    
  2.759324     -5.983833    
  2.759941     -6.177015    
  2.759967     -6.228101    
  2.760777     -5.693232    
  2.760803     -5.776640    
  2.762338     -6.529955    
  2.762364     -6.045703    
  2.763494     -5.920905    
  2.763520     -6.489428    
  2.764607     -5.887480    
  2.764634     -5.713257    
  2.764790     -5.699028    
  2.764816     -5.790978    
  2.765431     -6.709508    
  2.765457     -6.309823    
  2.765786     -6.249860    
  2.765812     -6.057098    
  2.766720     -5.782737    
  2.766746     -6.101465    
  2.767599     -6.552873    
  2.767625     -6.421666    
  2.768816     -6.054451    
  2.768842     -6.068579    
  2.768873     -6.068894    
  2.768899     -6.062135    
  2.769246     -6.162221    
  2.769273     -6.251549    
  2.770825     -6.099854    
  2.770851     -6.562280    
  2.772571     -5.961836    
  2.772597     -5.991296    
  2.775871     -5.814817    
  2.775898     -5.922722    
  2.777571     -6.129630    
  2.777597    -100.00000    
  2.781452     -6.217928    
  2.781478     -6.044256    
  2.783779     -5.948575    
  2.783805     -5.902993    
  2.786347     -6.139937    
  2.786373     -6.414897    
  2.787394     -6.398245    
  2.787420     -6.195903    
  2.789379     -5.933095    
  2.789405     -5.821685    
  2.792084     -5.987100    
  2.792110     -5.980303    
  2.795992     -5.761996    
  2.796018     -5.804213    
  2.799330     -5.805344    
  2.799356     -6.097357    
  2.799768     -6.237864    
  2.799795     -6.138089    
  2.800685     -5.881309    
  2.800711     -5.664573    
  2.802982     -5.768351    
  2.803008     -5.907334    
  2.805911     -5.922348    
  2.808794     -5.775140    
  2.811659     -5.633707    
  2.814504     -5.899625    
  2.814531     -5.693225    
  2.815805     -5.747094    
  2.815831     -5.888717    
  2.816461     -5.768009    
  2.816487     -5.694570    
  2.817048     -5.648036    
  2.817074     -5.764668    
  2.818601     -5.716048    
  2.818627     -5.796825    
  2.822346     -6.163661    
  2.826033     -5.478085    
  2.826059     -5.591223    
  2.829643     -5.761799    
  2.829669     -5.697917    
  2.833025     -5.649193    
  2.833051     -5.542067    
  2.836279     -5.812730    
  2.836305    -100.00000    
  2.836473    -100.00000    
  2.836499    -100.00000    
  2.839407     -5.758684    
  2.839433     -5.600071    
  2.840448     -5.388345    
  2.840474     -5.405972    
  2.844142     -5.799549    
  2.844168     -5.596256    
  2.844752     -5.385575    
  2.844778     -5.603471    
  2.845644     -5.886183    
  2.845670     -5.769412    
  2.846022     -5.642254    
  2.846048     -5.654882    
  2.846084     -5.653929    
  2.846110     -5.649806    
  2.846350     -5.684296    
  2.846376     -5.703995    
  2.846960     -5.801077    
  2.846986    -100.00000    
  2.850315     -5.773296    
  2.850341     -5.678630    
  2.851138     -5.554580    
  2.851164     -5.552867    
  2.851303     -5.533634    
  2.851329     -5.535004    
  2.851635     -5.456746    
  2.851661     -5.338116    
  2.853000     -5.381956    
  2.853026     -5.503110    
  2.853688     -5.557086    
  2.853714     -5.471340    
  2.856751     -5.700331    
  2.856777     -5.555687    
  2.859747     -5.569410    
  2.859773     -5.624302    
  2.863227     -5.565774    
  2.863253     -5.616584    
  2.864041     -5.582170    
  2.864067     -5.569881    
  2.864202     -5.561252    
  2.864228     -5.571434    
  2.866992     -5.671477    
  2.867018     -5.707810    
  2.867101     -5.728146    
  2.867127     -5.729676    
  2.869323     -5.550469    
  2.871507     -5.557563    
  2.871533     -5.569681    
  2.871590     -5.572959    
  2.871617     -5.574513    
  2.871996     -5.598110    
  2.872022     -5.595623    
  2.874358     -5.565258    
  2.874384     -5.816492    
  2.876673    -100.00000    
  2.876699     -6.082850    
  2.877153     -5.886622    
  2.877179     -5.854734    
  2.880574     -5.310554    
  2.880600     -5.416377    
  2.882343     -5.502461    
  2.882369     -5.505963    
  2.882700     -5.520455    
  2.882726     -5.899604    
  2.885367    -100.00000    
  2.885393     -6.160203    
  2.886410     -5.718643    
  2.886436     -5.697899    
  2.886684     -5.627748    
  2.886711     -5.619884    
  2.887586     -5.447746    
  2.887612     -5.436600    
  2.888537     -5.340823    
  2.888563     -5.332893    
  2.889344     -5.389321    
  2.889370     -5.390107    
  2.891995     -5.704258    
  2.892021     -5.600467    
  2.893735     -5.464158    
  2.893761     -5.580099    
  2.894101     -5.643877    
  2.894127     -5.640531    
  2.895125     -5.521936    
  2.895151     -5.551294    
  2.895520     -5.620224    
  2.895547     -6.065261    
  2.896797    -100.00000    
  2.896824     -6.537020    
  2.897817     -6.026465    
  2.897843     -6.137199    
  2.900619     -5.619986    
  2.900645     -5.533788    
  2.901366     -5.420950    
  2.901392     -5.326107    
  2.905057     -5.549695    
  2.905083     -5.581502    
  2.905579     -5.671656    
  2.905605     -5.557751    
  2.907884     -5.565900    
  2.907910     -5.660493    
  2.908129     -5.710518    
  2.908155     -5.728599    
  2.908507     -5.661334    
  2.908533     -5.574879    
  2.909451     -5.480537    
  2.909477     -5.538469    
  2.910120     -5.550223    
  2.910146     -6.120344    
  2.913205     -5.685283    
  2.916242     -5.363198    
  2.916268     -5.507303    
  2.916557     -5.708540    
  2.916584     -5.666514    
  2.916815     -5.629884    
  2.916841     -5.639926    
  2.917202     -5.536771    
  2.917228     -5.436262    
  2.917946     -5.474356    
  2.917972     -5.446431    
  2.921796     -5.903312    
  2.921822    -100.00000    
  2.925060     -5.563312    
  2.925086     -5.544786    
  2.925714     -5.548929    
  2.925740     -5.555176    
  2.925879     -5.561448    
  2.925905     -5.562580    
  2.925971     -5.564873    
  2.925997     -5.359509    
  2.927585     -5.318413    
  2.927611     -5.464929    
  2.927702     -5.433057    
  2.927728     -5.417856    
  2.927981     -5.445725    
  2.928007     -5.472081    
  2.928701     -5.486256    
  2.928727     -5.499198    
  2.929157     -5.508021    
  2.929183     -5.514274    
  2.929555     -5.512136    
  2.929581     -5.518514    
  2.929997     -5.521976    
  2.930023     -5.515906    
  2.930276     -5.522283    
  2.930302     -5.525036    
  2.930635     -5.548990    
  2.930661     -5.551322    
  2.930674     -5.552325    
  2.930700     -5.555552    
  2.930993     -5.568483    
  2.931020     -5.570268    
  2.931455     -5.583626    
  2.931481     -5.564740    
  2.932685     -5.582361    
  2.932711     -5.536411    
  2.934676     -5.767339    
  2.934702     -5.832574    
  2.935383     -5.897075    
  2.935409     -5.867308    
  2.936838     -5.409993    
  2.936864     -5.492809    
  2.937442     -5.536993    
  2.937468     -5.542867    
  2.937555     -5.555628    
  2.937581     -5.590022    
  2.939148     -5.595848    
  2.939174     -5.579203    
  2.939362     -5.586007    
  2.939388     -5.598162    
  2.942758     -5.550775    
  2.942785     -5.560601    
  2.943789     -5.575862    
  2.943815     -5.581204    
  2.943844     -5.585344    
  2.944299     -5.588977    
  2.944325     -5.582115    
  2.945296     -5.553358    
  2.945322     -5.556569    
  2.946304     -5.560335    
  2.946330     -5.568560    
  2.946717     -5.575012    
  2.946743     -5.575202    
  2.946776     -5.576007    
  2.946802     -5.572119    
  2.950801     -5.576529    
  2.950827     -5.644687    
  2.951318     -5.561805    
  2.951344     -5.546337    
  2.951741     -5.540292    
  2.951767     -5.546761    
  2.952632     -5.554581    
  2.952658     -5.550966    
  2.953349     -5.553313    
  2.953375     -5.553011    
  2.953780     -5.570104    
  2.953806     -5.573499    
  2.954021     -5.583936    
  2.954047     -5.586288    
  2.954374     -5.579127    
  2.954391     -5.575749    
  2.954417     -5.572048    
  2.954846     -5.549749    
  2.954872     -5.550650    
  2.955769     -5.553494    
  2.955795     -5.553397    
  2.956192     -5.558422    
  2.956218     -5.564016    
  2.956377     -5.571285    
  2.956403     -5.575889    
  2.956852     -5.580157    
  2.956878     -5.569697    
  2.957651     -5.546047    
  2.957677     -5.553711    
  2.957733     -5.554447    
  2.957759     -5.556465    
  2.958652     -5.563735    
  2.958678     -5.560043    
  2.958733     -5.559852    
  2.958753     -5.559820    
  2.958779     -5.560859    
  2.959227     -5.555090    
  2.959253     -5.553444    
  2.959299     -5.552514    
  2.959325     -5.551155    
  2.959550     -5.553784    
  2.959576     -5.556234    
  2.959605     -5.558037    
  2.959622     -5.559183    
  2.959648     -5.561223    
  2.959673     -5.563416    
  2.959699     -5.565327    
  2.959869     -5.587894    
  2.959895     -5.592775    
  2.959946     -5.601686    
  2.959972     -5.639774    
  2.960724     -5.631854    
  2.960751     -5.580853    
  2.961052     -5.541812    
  2.961078     -5.547516    
  2.961152     -5.549225    
  2.961178     -5.638277    
  2.963811     -5.405568    
  2.963837     -4.870423    
  2.965349     -5.302208    
  2.965375     -5.475601    
  2.965604     -5.374055    
  2.965631     -5.506555    
  2.969258     -5.173837    
  2.969284     -4.974083    
  2.969806     -4.849572    
  2.969832     -4.742427    
  2.973371     -5.011504    
  2.973397     -4.822331    
  2.975759     -4.859196    
  2.975785     -4.920211    
  2.976196     -5.052105    
  2.976222     -4.796023    
  2.978818     -5.155679    
  2.981393     -4.769376    
  2.981419     -4.913059    
  2.981911     -5.348797    
  2.981937     -5.338436    
  2.982453     -5.349565    
  2.982479     -5.732025    
  2.982902     -4.714226    
  2.982928     -4.604651    
  2.985851     -4.960882    
  2.988755     -4.892896    
  2.991639     -6.292085    
  2.994504     -4.751906    
  2.997351    -100.00000    
  3.000178     -4.822010    
  3.002988     -4.956422    
  3.005779     -4.997199    
  3.005806     -4.879960    
  3.006660     -4.945173    
  3.006686     -5.099312    
  3.007985     -4.872589    
  3.008011     -4.907769    
  3.008377     -5.058545    
  3.008403     -5.057242    
  3.008422     -5.061910    
  3.008449     -4.985793    
  3.012132     -4.986637    
  3.015785     -5.034674    
  3.019407     -4.993155    
  3.022999     -4.906485    
  3.023025     -4.932540    
  3.024692     -4.917313    
  3.024718     -4.927217    
  3.027002     -4.904507    
  3.027028     -4.928407    
  3.028469     -4.897825    
  3.028496     -4.903568    
  3.028525     -4.904600    
  3.028551     -5.003707    
  3.030734     -5.201207    
  3.032906     -5.176026    
  3.032932     -4.880812    
  3.037051     -4.950717    
  3.041131     -5.051020    
  3.041157     -5.001112    
  3.041192     -5.003413    
  3.041218     -5.010495    
  3.041743     -5.006221    
  3.041769     -4.981591    
  3.044049     -5.019637    
  3.044075     -5.073118    
  3.046448     -5.001443    
  3.046474     -5.006418    
  3.047296     -4.989053    
  3.047322     -4.993654    
  3.051393     -5.212561    
  3.051419     -5.167340    
  3.053164     -5.080377    
  3.053190     -4.978349    
  3.056650     -5.425428    
  3.056676     -4.985538    
  3.057784     -5.085886    
  3.057810     -5.030963    
  3.060993     -5.121465    
  3.064153     -5.064814    
  3.064179     -5.091583    
  3.067832     -5.209082    
  3.067858     -5.057573    
  3.071967     -5.861362    
  3.071993     -5.679623    
  3.074546     -5.045924    
  3.074572     -4.928271    
  3.077401     -5.155152    
  3.080211     -5.172200    
  3.083004     -5.278879    
  3.085779     -5.361859    
  3.085805     -5.362478    
  3.088194     -5.176642    
  3.088220     -5.277886    
  3.089253     -5.420643    
  3.089279     -5.169862    
  3.091880     -5.128526    
  3.091906     -5.181789    
  3.092972     -5.101029    
  3.092998     -5.100177    
  3.093275     -5.117185    
  3.093301     -5.160005    
  3.095382     -5.162246    
  3.095408     -5.239370    
  3.096210     -5.174624    
  3.096236     -5.189512    
  3.099421     -5.188200    
  3.099447     -5.165851    
  3.099999     -5.290930    
  3.100025     -5.202295    
  3.102791     -5.176391    
  3.105540     -5.139822    
  3.105566     -5.154697    
  3.108813     -5.156702    
  3.112036     -5.161150    
  3.112062     -5.151065    
  3.114717     -5.161956    
  3.114743     -5.148265    
  3.114932     -5.150119    
  3.114958     -5.144269    
  3.115849     -5.195125    
  3.115875     -5.191810    
  3.116210     -5.137126    
  3.116236     -5.135282    
  3.116288     -5.132470    
  3.116314     -5.133722    
  3.117008     -5.203379    
  3.117034     -5.171223    
  3.117770     -5.281173    
  3.117796     -5.278918    
  3.118254     -5.151935    
  3.118280     -5.144037    
  3.118920     -5.136249    
  3.118946     -5.116230    
  3.121185     -5.193554    
  3.123412     -5.222532    
  3.123438     -5.252398    
  3.124647     -5.168020    
  3.124673     -5.172644    
  3.126028     -5.237356    
  3.126054     -5.211195    
  3.127717     -5.177921    
  3.127743     -5.223213    
  3.129255     -5.184440    
  3.129281     -5.261248    
  3.132456     -5.207249    
  3.135607     -5.214251    
  3.135633     -5.212600    
  3.136213     -5.236405    
  3.136239     -5.230505    
  3.139077     -5.256090    
  3.139103     -5.228252    
  3.141139     -5.190368    
  3.141166     -5.282707    
  3.143607     -5.235642    
  3.143633     -5.263390    
  3.144132     -5.240596    
  3.144158     -5.243331    
  3.144987     -5.240514    
  3.145013     -6.613074    
  3.146789     -6.092850    
  3.146815     -5.900999    
  3.146918     -5.831207    
  3.146944     -5.843263    
  3.147826     -5.400039    
  3.147852     -5.382889    
  3.148759     -5.207088    
  3.148785     -5.227222    
  3.149778     -5.155419    
  3.149804     -5.093116    
  3.150669     -4.986748    
  3.150696     -5.083420    
  3.151307     -5.214819    
  3.151333     -5.111367    
  3.152574     -5.213994    
  3.152600     -5.300358    
  3.153099     -5.355568    
  3.153125     -5.331504    
  3.153411     -5.309737    
  3.153437     -5.309269    
  3.153464     -5.307339    
  3.153490     -5.244442    
  3.155047     -5.261002    
  3.155073     -5.371542    
  3.156105     -5.355748    
  3.156131     -5.310159    
  3.159449     -5.475091    
  3.159475     -5.376120    
  3.159789     -5.375929    
  3.159815     -5.307091    
  3.164039     -5.354436    
  3.164065     -5.355182    
  3.164664     -5.321239    
  3.164690     -5.345060    
  3.166009     -5.341277    
  3.166035     -5.397829    
  3.168014     -5.383181    
  3.168040     -5.405893    
  3.171700     -5.344873    
  3.171726     -5.357623    
  3.173608     -5.371393    
  3.173634     -5.421932    
  3.174198     -5.385762    
  3.174224     -5.379489    
  3.178220     -5.367619    
  3.178246     -5.395522    
  3.179496     -5.392245    
  3.179523     -5.416155    
  3.180493     -5.531830    
  3.180519     -5.544200    
  3.181705     -5.391241    
  3.181731     -5.401356    
  3.181840     -5.387394    
  3.181866     -5.383667    
  3.181990     -5.367320    
  3.182017     -5.344475    
  3.184999     -5.422118    
  3.185025     -5.376129    
  3.186118     -5.367143    
  3.186144     -5.337230    
  3.187507     -5.536620    
  3.187524     -5.569702    
  3.187550     -5.602333    
  3.188369     -5.477338    
  3.188395     -5.422103    
  3.189386     -5.650906    
  3.189412     -5.559789    
  3.189917     -6.807778    
  3.189943     -7.852400    
  3.190993     -7.121286    
  3.191019     -7.017224    
  3.191149     -6.910625    
  3.191176     -7.051332    
  3.192254     -6.161765    
  3.192280     -6.254694    
  3.194916     -5.332001    
  3.194942     -5.318142    
  3.196947     -5.400870    
  3.196973     -5.499532    
  3.199833     -5.565703    
  3.199859     -5.520907    
  3.202175     -5.552566    
  3.202201     -5.534764    
  3.203193     -5.477262    
  3.203219     -5.525676    
  3.204704     -5.490749    
  3.204730     -5.462919    
  3.207396     -5.552716    
  3.207422     -5.496498    
  3.209165     -5.600883    
  3.209192     -5.587127    
  3.209905     -5.593025    
  3.209931     -5.559318    
  3.211746     -5.644814    
  3.211772     -5.639553    
  3.213910     -5.621069    
  3.213936     -5.601180    
  3.217562     -5.612884    
  3.217588     -5.487422    
  3.217734     -5.487005    
  3.217760     -5.484755    
  3.218195     -5.463106    
  3.218221     -5.472391    
  3.218359     -5.492619    
  3.218385     -5.616520    
  3.221432     -5.498999    
  3.224458     -5.637719    
  3.224484     -5.547587    
  3.226728     -5.600341    
  3.228960     -5.471653    
  3.231181     -5.553807    
  3.233391     -5.568138    
  3.233417     -5.586454    
  3.235869     -5.558639    
  3.238307     -5.624762    
  3.240731     -5.587667    
  3.243142     -5.531869    
  3.243168     -5.548311    
  3.246203     -5.555044    
  3.249217     -5.538775    
  3.249243     -5.580104    
  3.251269     -5.565006    
  3.251295     -5.569241    
  3.251554     -5.562883    
  3.251580     -5.545288    
  3.254930     -5.578352    
  3.258254     -5.616072    
  3.258280     -5.579321    
  3.261671     -5.599726    
  3.261697     -5.645423    
  3.263492     -5.578703    
  3.263518     -5.622846    
  3.267500     -5.583476    
  3.271446     -5.638458    
  3.271472     -5.637734    
  3.273283     -5.608663    
  3.273309     -5.616813    
  3.276784     -5.655441    
  3.276810     -5.636155    
  3.279737     -5.681929    
  3.279763     -5.725110    
  3.279904     -5.732455    
  3.279930     -5.734527    
  3.281693     -5.672508    
  3.281719     -5.682715    
  3.283569     -5.638599    
  3.283595     -5.665765    
  3.285864     -5.647797    
  3.285890     -5.667751    
  3.288494     -5.703393    
  3.288521     -5.709272    
  3.289058     -5.702270    
  3.289085     -5.705851    
  3.291445     -5.671474    
  3.291471     -5.686808    
  3.292687     -5.648775    
  3.292713     -5.657748    
  3.294701     -5.713012    
  3.294727     -5.779811    
  3.295769     -5.713221    
  3.295795     -5.736572    
  3.295928     -5.758372    
  3.295954     -5.771389    
  3.296323     -5.766346    
  3.296349     -5.749261    
  3.296793     -5.688631    
  3.296819     -5.701653    
  3.299472     -5.649369    
  3.299498     -5.669371    
  3.301162     -5.670141    
  3.301188     -5.710850    
  3.302957     -5.715662    
  3.302983     -5.777083    
  3.305105     -5.702896    
  3.305131     -5.723605    
  3.306016     -5.681725    
  3.306042     -5.689864    
  3.306917     -5.692244    
  3.306943     -5.722167    
  3.309394     -5.664361    
  3.309420     -5.671542    
  3.309880     -5.670994    
  3.309906     -5.671573    
  3.310654     -5.692328    
  3.310680     -5.695273    
  3.311009     -5.706916    
  3.311035     -5.707276    
  3.311357     -5.698660    
  3.311383     -5.694913    
  3.311855     -5.681562    
  3.311881     -5.683455    
  3.312043     -5.684765    
  3.312069     -5.721574    
  3.315866     -5.712901    
  3.319630     -5.724407    
  3.319656     -5.721516    
  3.322697     -5.733741    
  3.325716     -5.771888    
  3.328715     -5.730946    
  3.331694     -5.752792    
  3.334652     -5.754346    
  3.337590     -5.763550    
  3.340508     -5.780281    
  3.343407     -5.778628    
  3.343433     -5.774440    
  3.347340     -5.797167    
  3.351212     -5.800059    
  3.351238     -5.799948    
  3.351711     -5.800346    
  3.351737     -5.802204    
  3.354728     -5.813495    
  3.357698     -5.828298    
  3.360649     -5.829288    
  3.363579     -5.892706    
  3.363605     -5.865003    
  3.365511     -5.984060    
  3.365537     -5.848010    
  3.367465     -5.822457    
  3.367491     -5.857725    
  3.367518     -5.846887    
  3.368345     -5.845413    
  3.368371     -5.851718    
  3.369799     -5.863434    
  3.369825     -5.861461    
  3.371854     -5.869092    
  3.371880     -5.869750    
  3.373656     -5.880942    
  3.373682     -5.878327    
  3.377642     -5.890671    
  3.377668     -5.892875    
  3.379189     -5.900620    
  3.379215     -5.890562    
  3.382117     -5.925273    
  3.382143     -5.913989    
  3.385913     -5.918025    
  3.385939     -5.916087    
  3.389822     -5.930275    
  3.389848     -5.929510    
  3.391164     -5.935187    
  3.391190     -5.936407    
  3.395069     -5.953939    
  3.395095     -5.951356    
  3.397989     -5.959059    
  3.398015     -5.957032    
  3.398446     -5.961405    
  3.398472     -5.961253    
  3.400885     -5.971715    
  3.400911     -5.968752    
  3.402458     -5.971592    
  3.402485     -5.971474    
  3.403625     -5.980282    
  3.403651     -5.984513    
  3.404157     -6.006905    
  3.404183     -5.986444    
  3.406906     -5.987522    
  3.409611     -6.008681    
  3.412300     -6.006176    
  3.414973     -6.017495    
  3.414999     -6.017518    
  3.419305     -6.030322    
  3.419331     -6.029446    
  3.422393     -6.041144    
  3.425434     -6.057502    
  3.428454     -6.065519    
  3.431452     -6.076372    
  3.431479     -6.078961    
  3.434953     -6.090491    
  3.434979     -6.088695    
  3.438935     -6.103038    
  3.442855     -6.118274    
  3.442881     -6.120759    
  3.444964     -6.116020    
  3.444990     -6.120277    
  3.447490     -6.128362    
  3.449964     -6.137562    
  3.449990     -6.171993    
  3.452474     -6.144104    
  3.454944     -6.160655    
  3.454970     -6.162769    
  3.457932     -6.165057    
  3.460873     -6.175045    
  3.463795     -6.184657    
  3.466698     -6.195819    
  3.466724     -6.195636    
  3.467614     -6.202240    
  3.467640     -6.201570    
  3.468776     -6.202407    
  3.468802     -6.201594    
  3.469484     -6.205205    
  3.469510     -6.205443    
  3.469535     -6.205579    
  3.469561     -6.205759    
  3.469873     -6.207160    
  3.469899     -6.207228    
  3.470209     -6.207736    
  3.470235     -6.206945    
  3.471210     -6.211651    
  3.471236     -6.221508    
  3.472958     -6.227440    
  3.472984     -6.215029    
  3.474130     -6.222002    
  3.474156     -6.225540    
  3.477552     -6.238596    
  3.480921     -6.248161    
  3.480947     -6.244680    
  3.483093     -6.265984    
  3.483119     -6.252147    
  3.485987     -6.264644    
  3.486013     -6.266808    
  3.486615     -6.268017    
  3.486641     -6.280689    
  3.490491     -6.275826    
  3.494307     -6.303384    
  3.494333     -6.298084    
  3.498611     -6.311596    
  3.502847     -6.319002    
  3.502873     -6.318226    
  3.503909     -6.342266    
  3.503935     -6.347486    
  3.504049     -6.349243    
  3.504075     -6.336300    
  3.505750     -6.330773    
  3.505776     -6.343716    
  3.505983     -6.351800    
  3.506009     -6.359141    
  3.506922     -6.333096    
  3.506948     -6.337945    
  3.507287     -6.340085    
  3.507313     -6.340156    
  3.511219     -6.360010    
  3.511245     -6.352085    
  3.513248     -6.360108    
  3.513274     -6.364764    
  3.515834     -6.368639    
  3.515860     -6.368910    
  3.515893     -6.365380    
  3.518219     -6.387196    
  3.520533     -6.383392    
  3.522835     -6.395384    
  3.525125     -6.404285    
  3.527403     -6.415291    
  3.529669     -6.421643    
  3.531923     -6.427169    
  3.534166     -6.434468    
  3.534192     -6.434676    
  3.535341     -6.438823    
  3.535367     -6.438889    
  3.539376     -6.453200    
  3.539403     -6.460907    
  3.541647     -6.461654    
  3.543879     -6.465288    
  3.543905     -6.466534    
  3.544530     -6.469392    
  3.544556     -6.469123    
  3.545185     -6.479176    
  3.545211     -6.479978    
  3.545491     -6.480082    
  3.545517     -6.474285    
  3.548458     -6.488445    
  3.548484     -6.482169    
  3.550178     -6.495374    
  3.550205     -6.487077    
  3.552184     -6.503203    
  3.552210     -6.499381    
  3.553416     -6.499735    
  3.553442     -6.501341    
  3.553493     -6.501771    
  3.553519     -6.507267    
  3.555658     -6.514850    
  3.555684     -6.511195    
  3.556758     -6.513459    
  3.556785     -6.513434    
  3.557726     -6.516726    
  3.557752     -6.514455    
  3.558877     -6.532599    
  3.558903     -6.535572    
  3.559141     -6.534932    
  3.559167     -6.533896    
  3.559322     -6.529708    
  3.559348     -6.523071    
  3.560882     -6.536160    
  3.560908     -6.538832    
  3.561003     -6.539231    
  3.561024     -6.539142    
  3.561050     -6.539033    
  3.561076     -6.538892    
  3.561161     -6.537707    
  3.561188     -6.537229    
  3.561399     -6.531942    
  3.561425     -6.531377    
  3.561492     -6.530230    
  3.561518     -6.529582    
  3.561733     -6.529962    
  3.561759     -6.530566    
  3.561929     -6.532705    
  3.561955     -6.532811    
  3.562293     -6.540509    
  3.565712     -6.546977    
  3.565738     -6.497783    
  3.568684     -6.476501    
  3.568710     -6.508400    
  3.572276     -6.536412    
  3.572302     -6.522475    
  3.575184     -6.530790    
  3.578046     -6.535999    
  3.580890     -6.553615    
  3.583716     -6.559296    
  3.583742     -6.573251    
  3.586195     -6.558025    
  3.588634     -6.576491    
  3.591060     -6.573084    
  3.593472     -6.600044    
  3.595871     -6.574433    
  3.598257     -6.608029    
  3.600630     -6.594919    
  3.602990     -6.662166    
  3.603016     -6.648127    
  3.606561     -6.615290    
  3.610077     -6.668180    
  3.610103     -6.636451    
  3.614107     -6.661090    
  3.618075     -6.720530    
  3.618101     -6.687088    
  3.619098     -6.667109    
  3.619124     -6.671932    
  3.620549     -6.676388    
  3.620575     -6.673451    
  3.621884     -6.705575    
  3.621910     -6.701561    
  3.623350     -6.682447    
  3.623376     -6.694927    
  3.625657     -6.694963    
  3.627926     -6.722567    
  3.627952     -6.704844    
  3.630143     -6.712080    
  3.630428     -6.712365    
  3.632323     -6.719426    
  3.632349     -6.720107    
  3.634351     -6.735957    
  3.634377     -6.732653    
  3.637591     -6.738349    
  3.637617     -6.737437    
  3.640932     -6.774743    
  3.644221     -6.755997    
  3.644248     -6.764901    
  3.646952     -6.784365    
  3.649641     -6.791345    
  3.652313     -6.793115    
  3.654968     -6.807188    
  3.654994     -6.802897    
  3.656771     -6.838667    
  3.656798     -6.831876    
  3.659416     -6.817117    
  3.659442     -6.819176    
  3.663645     -6.850831    
  3.663672     -6.833736    
  3.666918     -6.852512    
  3.670140     -6.862721    
  3.670166     -6.886410    
  3.673528     -6.883039    
  3.673554     -6.881980    
  3.676435     -6.891203    
  3.679298     -6.892116    
  3.682141     -6.903072    
  3.684966     -6.919102    
  3.684992     -6.921696    
  3.685363     -6.916318    
  3.685390     -6.916315    
  3.685421     -6.916322    
  3.687761     -6.924746    
  3.687787     -6.924736    
  3.688738     -6.928200    
  3.688764     -6.928408    
  3.688892     -6.928917    
  3.688918     -6.918990    
  3.690761     -6.962719    
  3.690787     -7.025986    
  3.691489     -6.973299    
  3.691515     -6.935221    
  3.694842     -6.952756    
  3.694868     -6.952029    
  3.695395     -6.958781    
  3.695421     -6.959499    
  3.695548     -6.961015    
  3.695574     -6.968742    
  3.699531     -6.968632    
  3.703451     -6.991653    
  3.707337     -7.000796    
  3.711188     -7.010578    
  3.711214     -7.012251    
  3.712650     -7.021171    
  3.713266     -7.036382    
  3.713292     -7.023128    
  3.715965     -7.032724    
  3.718622     -7.040340    
  3.718648     -7.040635    
  3.719507     -7.045895    
  3.719533     -7.046289    
  3.719809     -7.046566    
  3.719835     -7.045684    
  3.720772     -7.048431    
  3.720798     -7.048575    
  3.721949     -7.055957    
  3.721976     -7.053305    
  3.726014     -7.070079    
  3.726040     -7.068775    
  3.729224     -7.080962    
  3.729250     -7.080320    
  3.730799     -7.091026    
  3.730825     -7.086602    
  3.733074     -7.095743    
  3.733100     -7.095441    
  3.736642     -7.110939    
  3.740157     -7.123527    
  3.740183     -7.125158    
  3.740658     -7.122074    
  3.740684     -7.123943    
  3.742813     -7.132259    
  3.742839     -7.132509    
  3.743010     -7.133180    
  3.743036     -7.132600    
  3.745487     -7.142317    
  3.747926     -7.151164    
  3.747952     -7.151350    
  3.748402     -7.152991    
  3.748428     -7.153059    
  3.750148     -7.159444    
  3.750174     -7.157922    
  3.751807     -7.170176    
  3.751825     -7.173358    
  3.751851     -7.175686    
  3.752945     -7.170351    
  3.752971     -7.169398    
  3.753218     -7.169952    
  3.753244     -7.170960    
  3.753912     -7.173889    
  3.753938     -7.173956    
  3.754688     -7.176662    
  3.754715     -7.176849    
  3.755025     -7.178062    
  3.755051     -7.178130    
  3.755248     -7.178856    
  3.755274     -7.178963    
  3.755553     -7.180004    
  3.755579     -7.179586    
  3.758844     -7.195091    
  3.758870     -7.196631    
  3.762813     -7.208495    
  3.766720     -7.223925    
  3.770592     -7.235995    
  3.774430     -7.274796    
  3.774456     -7.251132    
  3.777991     -7.266096    
  3.778017     -7.266919    
  3.778151     -7.266091    
  3.781504     -7.278553    
  3.781530     -7.278346    
  3.785355     -7.293098    
  3.789147     -7.307394    
  3.792906     -7.321764    
  3.796633     -7.335505    
  3.796659     -7.335519    
  3.799528     -7.346807    
  3.802378     -7.357613    
  3.802405     -7.357552    
  3.802753     -7.358809    
  3.802779     -7.358654    
  3.804109     -7.364575    
  3.804136     -7.365407    
  3.805742     -7.369605    
  3.805768     -7.370141    
  3.806039     -7.371278    
  3.806065     -7.371425    
  3.806646     -7.373527    
  3.806672     -7.373681    
  3.807576     -7.376972    
  3.807602     -7.377088    
  3.808354     -7.380120    
  3.808380     -7.380232    
  3.809479     -7.384719    
  3.809505     -7.384790    
  3.809846     -7.385885    
  3.809872     -7.385772    
  3.810525     -7.388976    
  3.810551     -7.390056    
  3.811407     -7.392124    
  3.811433     -7.391613    
  3.811548     -7.391906    
  3.811574     -7.392018    
  3.811599     -7.392117    
  3.811625     -7.392331    
  3.812345     -7.395232    
  3.812371     -7.395207    
  3.814695     -7.404882    
  3.817007     -7.412633    
  3.819307     -7.411212    
  3.821595     -7.492762    
  3.821621     -7.438376    
  3.823807     -7.436160    
  3.825982     -7.444330    
  3.830301     -7.486012    
  3.830327     -7.457975    
  3.834271     -7.480597    
  3.838180     -7.494214    
  3.838207     -7.493939    
  3.840521     -7.503259    
  3.842823     -7.513706    
  3.842849     -7.511987    
  3.843871     -7.515163    
  3.843897     -7.516051    
  3.847941     -7.531344    
  3.851948     -7.552490    
  3.855919     -7.562230    
  3.859853     -7.576618    
  3.859879     -7.578199    
  3.862843     -7.587360    
  3.865788     -7.599625    
  3.865814     -7.601434    
  3.866065     -7.607144    
  3.866091     -7.612373    
  3.868658     -7.608583    
  3.871210     -7.620526    
  3.871236     -7.622810    
  3.873680     -7.629467    
  3.876111     -7.638910    
  3.878528     -7.648852    
  3.880932     -7.658261    
  3.880959     -7.657652    
  3.883813     -7.669334    
  3.886649     -7.679485    
  3.889466     -7.690552    
  3.892265     -7.701347    
  3.892291     -7.701396    
  3.894417     -7.709786    
  3.894443     -7.709586    
  3.895163     -7.712503    
  3.895189     -7.712868    
  3.898690     -7.726007    
  3.898716     -7.725729    
  3.900445     -7.732611    
  3.900462     -7.732829    
  3.900488     -7.732846    
  3.901329     -7.737739    
  3.901356     -7.737634    
  3.902300     -7.739047    
  3.902326     -7.739912    
  3.903658     -7.744872    
  3.903684     -7.744688    
  3.904238     -7.747032    
  3.904264     -7.746565    
  3.905415     -7.753645    
  3.905441     -7.753926    
  3.905995     -7.753489    
  3.906021     -7.753632    
  3.906888     -7.757090    
  3.906914     -7.757393    
  3.907705     -7.760534    
  3.907731     -7.760636    
  3.908373     -7.763420    
  3.908399     -7.763421    
  3.908503     -7.763762    
  3.908529     -7.765124    
  3.912223     -7.779960    
  3.912249     -7.778028    
  3.913098     -7.780993    
  3.913124     -7.781094    
  3.913216     -7.781424    
  3.913243     -7.781505    
  3.913438     -7.782215    
  3.913465     -7.782326    
  3.913745     -7.783536    
  3.913771     -7.783635    
  3.913800     -7.783748    
  3.913826     -7.783849    
  3.913873     -7.784027    
  3.913899     -7.784123    
  3.913915     -7.784182    
  3.913940     -7.784275    
  3.913967     -7.784369    
  3.914112     -7.784910    
  3.914138     -7.785397    
  3.916945     -7.796063    
  3.916971     -7.794876    
  3.920612     -7.796434    
  3.924221     -7.810687    
  3.927801     -7.831879    
  3.931352     -7.843085    
  3.931378     -7.845295    
  3.935116     -7.857101    
  3.938821     -7.874422    
  3.938847     -7.869847    
  3.941053     -7.879942    
  3.943248     -7.883562    
  3.945432     -7.898919    
  3.947605     -7.900206    
  3.951918     -7.924000    
  3.956189     -7.932630    
  3.956215     -7.928636    
  3.959412     -7.955413    
  3.962586     -7.959313    
  3.965737     -7.969788    
  3.968865     -7.989285    
  3.968891     -7.995308    
  3.972582     -7.995520    
  3.976241     -8.013472    
  3.979870     -8.024175    
  3.983469     -8.046918    
  3.983495     -8.057496    
  3.985959     -8.047133    
  3.988409     -8.059458    
  3.990846     -8.070914    
  3.993269     -8.076206    
  3.993295     -8.078179    
  3.995544     -8.086483    
  3.997782     -8.095337    
  3.997808     -8.095609    
  4.001416     -8.109690    
  4.004993     -8.130805    
  4.008542     -8.137721    
  4.012062     -8.150550    
  4.015553     -8.164497    
  4.019017     -8.180436    
  4.022453     -8.191634    
  4.025862     -8.204569    
  4.025888     -8.204704    
  4.029667     -8.219584    
  4.033413     -8.234554    
  4.033440     -8.234060    
  4.034804     -8.239716    
  4.034830     -8.239824    
  4.038396     -8.253528    
  4.038422     -8.253777    
  4.039117     -8.261037    
  4.039143     -8.255230    
  4.042356     -8.270993    
  4.042382     -8.298691    
  4.044890     -8.275285    
  4.047383     -8.290452    
  4.047409     -8.295807    
  4.047809     -8.295813    
  4.047835     -8.294486    
  4.047865     -8.290778    
  4.051262     -8.303609    
  4.054633     -8.316969    
  4.057978     -8.329952    
  4.061297     -8.342802    
  4.061323     -8.342849    
  4.064372     -8.355096    
  4.067400     -8.366754    
  4.070406     -8.378858    
  4.073392     -8.390244    
  4.073418     -8.390251    
  4.075738     -8.399198    
  4.078046     -8.408251    
  4.078072     -8.408299    
  4.080271     -8.417050    
  4.080297     -8.417213    
  4.080888     -8.419493    
  4.080914     -8.419592    
  4.080998     -8.419915    
  4.081024     -8.420015    
  4.081040     -8.420075    
  4.081066     -8.420234    
  4.082224     -8.424543    
  4.082250     -8.418995    
  4.084297     -8.446965    
  4.084323     -8.435106    
  4.086519     -8.440808    
  4.088705     -8.450166    
  4.093043     -8.466859    
  4.097338     -8.484319    
  4.101591     -8.500557    
  4.101617     -8.500793    
  4.105086     -8.513984    
  4.108527     -8.524813    
  4.111941     -8.556836    
  4.115328     -8.550976    
  4.118689     -8.568633    
  4.122025     -8.580216    
  4.125335     -8.593417    
  4.128620     -8.606126    
  4.128646     -8.606062    
  4.131400     -8.616966    
  4.134137     -8.628008    
  4.136856     -8.638636    
  4.139559     -8.649125    
  4.142245     -8.659657    
  4.144915     -8.670026    
  4.147568     -8.680676    
  4.150205     -8.689825    
  4.150231     -8.690561    
  4.153104     -8.702391    
  4.155957     -8.713350    
  4.155983     -8.713423    
  4.156244     -8.714432    
  4.156270     -8.714524    
  4.158133     -8.721871    
  4.158160     -8.721956    
  4.158947     -8.725132    
  4.158973     -8.725189    
  4.161758     -8.735828    
  4.161784     -8.735902    
  4.163410     -8.742376    
  4.163436     -8.742539    
  4.163793     -8.743951    
  4.163819     -8.744050    
  4.163989     -8.744723    
  4.164015     -8.745060    
  4.168129     -8.758928    
  4.172204     -8.773136    
  4.176241     -8.789215    
  4.180241     -8.804888    
  4.184204     -8.822269    
  4.188131     -8.838126    
  4.192024     -8.852945    
  4.195882     -8.866214    
  4.195908     -8.871239    
  4.198350     -8.874692    
  4.200780     -8.887661    
  4.203195     -8.894925    
  4.205597     -8.907090    
  4.207986     -8.914038    
  4.210362     -8.925606    
  4.212725     -8.932426    
  4.215075     -8.941787    
  4.217413     -8.950275    
  4.219738     -8.963572    
  4.222051     -8.969585    
  4.224351     -8.978217    
  4.226639     -8.987432    
  4.228916     -8.998943    
  4.231180     -9.004884    
  4.233433     -9.014108    
  4.233459     -9.014946    
  4.235750     -9.023983    
  4.238029     -9.031757    
  4.240296     -9.040643    
  4.242552     -9.059268    
  4.244795     -9.057904    
  4.247028     -9.067645    
  4.249248     -9.076150    
  4.251458     -9.084989    
  4.251484     -9.085285    
  4.255470     -9.100911    
  4.259419     -9.116116    
  4.259445     -9.116363    
  4.261746     -9.125845    
  4.261772     -9.127384    
  4.265747     -9.141798    
  4.265773     -9.141326    
  4.266098     -9.142615    
  4.266124     -9.142653    
  4.269803     -9.157221    
  4.273452     -9.168876    
  4.277070     -9.189907    
  4.280658     -9.195987    
  4.284217     -9.217778    
  4.287747     -9.228360    
  4.291249     -9.242565    
  4.294722     -9.255478    
  4.294748     -9.255200    
  4.297714     -9.266946    
  4.300661     -9.278495    
  4.303587     -9.289967    
  4.306494     -9.301497    
  4.309381     -9.312818    
  4.312250     -9.324052    
  4.315099     -9.335142    
  4.317931     -9.347557    
  4.320743     -9.357318    
  4.323538     -9.368419    
  4.326314     -9.378860    
  4.329073     -9.391678    
  4.331815     -9.401015    
  4.334540     -9.411903    
  4.337247     -9.421816    
  4.339938     -9.435197    
  4.339964     -9.433612    
  4.343714     -9.447575    
  4.347431     -9.462607    
  4.347457     -9.462792    
  4.350370     -9.474190    
  4.353264     -9.485566    
  4.353290     -9.485816    
  4.353671     -9.487486    
  4.353698     -9.487481    
  4.356104     -9.496608    
  4.356130     -9.496804    
  4.357295     -9.501304    
  4.357321     -9.501300    
  4.357613     -9.502425    
  4.357639     -9.502538    
  4.357809     -9.503220    
  4.357835     -9.503407    
  4.360667     -9.514588    
  4.363481     -9.524681    
  4.366277     -9.535774    
  4.369055     -9.546728    
  4.371816     -9.557585    
  4.374559     -9.568192    
  4.377285     -9.579075    
  4.379993     -9.589866    
  4.382685     -9.599978    
  4.385361     -9.611330    
  4.388020     -9.622424    
  4.390662     -9.632507    
  4.393289     -9.643004    
  4.395900     -9.652941    
  4.398496     -9.662293    
  4.401076     -9.673936    
  4.403640     -9.682568    
  4.406190     -9.693961    
  4.408725     -9.702334    
  4.411245     -9.715193    
  4.413751     -9.722587    
  4.416242     -9.732731    
  4.418719     -9.741970    
  4.421182     -9.754620    
  4.423631     -9.757442    
  4.426066     -9.770542    
  4.428488     -9.780755    
  4.430896     -9.791404    
  4.433291     -9.799328    
  4.435673     -9.809050    
  4.438042     -9.818478    
  4.440398     -9.828021    
  4.440424     -9.827876    
  4.442834     -9.837583    
  4.445231     -9.849003    
  4.445257     -9.846382    
  4.447541     -9.855932    
  4.449813     -9.864989    
  4.452073     -9.873821    
  4.454321     -9.882452    
  4.456558     -9.891586    
  4.458783     -9.900231    
  4.460997     -9.909026    
  4.463200     -9.918117    
  4.465392     -9.926282    
  4.467572     -9.934890    
  4.471901     -9.951573    
  4.476187     -9.968733    
  4.480431     -9.985658    
  4.512967     -10.11406    
  4.512994     -10.11390    
  4.514640     -10.12040    
  4.514666     -10.12015    
  4.515975     -10.12703    
  4.516001     -10.12699    
  4.516171     -10.12710    
  4.516198     -10.12776    
  4.585499     -10.40194    
  4.585525     -10.39998    
  4.648519     -10.64980    
  4.648545     -10.64921    
  4.649578     -10.65329    
  4.649604     -10.65348    
  4.649869     -10.65456    
  4.649895     -10.65466    
  4.650065     -10.65533    
  4.650091     -10.65581    
  4.709795     -10.89264    
  4.709821     -10.89224    
  4.765784     -11.11402    
  4.765810     -11.11279    
  4.765853     -11.11296    
  4.765875     -11.11304    
  4.765901     -11.11315    
  4.766049     -11.11373    
  4.766075     -11.11440    
  4.818511     -11.32249    
  4.818536     -11.32222    
  4.868125     -11.51797    
  4.868151     -11.51739    
  4.868182     -11.51750    
  4.868208     -11.51760    
  4.868354     -11.51809    
  4.868380     -11.51222    
  4.915120     -11.70623    
  4.915146     -11.70361    
  4.959480     -11.87827    
  4.959506     -11.87766    
  4.959673     -11.87833    
  4.959697     -11.87844    
  4.959723     -11.87855    
  4.959869     -11.87915    
  4.959895     -11.87972    
  5.002051     -12.04633    
  5.002077     -12.04590    
  5.042016     -12.20401    
  5.042042     -12.20360    
  5.042458     -12.20534    
  5.042484     -12.20544    
  5.042511     -12.20555    
  5.042654     -12.20611    
  5.042681     -12.20623    
  5.081068     -12.35690    
  5.081094     -12.35391    
  5.117599     -12.49240    
  5.117625     -12.50169    
  5.118035     -12.50332    
  5.118061     -12.50342    
  5.118087     -12.50352    
  5.118232     -12.50409    
  5.118258     -12.50435    
  5.153493     -12.64302    
  5.153519     -12.64212    
  5.187234     -12.77461    
  5.187260     -12.77496    
  5.187559     -12.77618    
  5.187585     -12.77629    
  5.187614     -12.77641    
  5.187756     -12.77699    
  5.187782     -12.77801    
  5.251210     -13.02696    
  5.251236     -13.02641    
  5.251962     -13.02947    
  5.251988     -13.02946    
  5.252125     -13.02995    
  5.252151     -13.03096    
  5.311781     -13.26449    
  5.311807     -13.26479    
  5.311888     -13.26515    
  5.311914     -13.26528    
  5.312051     -13.26589    
  5.312078     -13.26630    
  5.368109     -13.48516    
  5.368135     -13.48534    
  5.420767     -13.69042    
  5.420793     -13.68986    
  5.470414     -13.87891    
  5.470440     -13.88034    
  5.517376     -14.06632    
  5.517402     -14.06435    
  5.561929     -14.23457    
  5.561955     -14.23955    
  5.604308     -14.37824    
  5.604334     -14.39530    
  5.644714     -14.54945    
  5.644741     -14.57420    
  6.106305     -16.29449    
  6.324974     -16.86407    
  6.578114     -17.57412    
  6.853061     -18.28707    
  7.140437     -19.01842    
  7.434476     -19.80524    
  7.731968     -20.63573    
  8.031218     -21.48277    
  8.331355     -22.35791    
  8.631938     -23.28556    
  8.932744    -100.00000    
