   0.69158 -165.33575
   0.69161 -165.33580
   0.69504 -165.34195
   0.69507 -100.00000
   0.69818 -164.50205
   0.69820 -164.43230
   0.69897 -100.00000
   0.72655 -100.00000
   0.75249 -150.05200
   0.75251 -149.61190
   0.75627 -148.93520
   0.75629 -100.00000
   0.79036 -100.00000
   0.82195 -133.86720
   0.82198 -133.38015
   0.82569 -132.77270
   0.82571 -132.75880
   0.82710 -132.45595
   0.82712 -132.46840
   0.82875 -132.10660
   0.82877 -100.00000
   0.86154 -100.00000
   0.89201 -100.00000
   0.92048 -100.00000
   0.94720 -111.56280
   0.94723 -100.00000
   0.96107 -109.44590
   0.96109 -100.00000
   0.97374 -107.87750
   0.97377 -107.70330
   0.97573 -107.53050
   0.97575 -100.00000
   0.97805 -106.44255
   0.97808 -100.00000
   1.00201 -100.00000
   1.02469 -100.00000
   1.06677 -100.00000
   1.10514 -100.00000
   1.14039 -100.00000
   1.17299 -100.00000
   1.20332 -100.00000
   1.23166 -100.00000
   1.25827  -75.24326
   1.25830 -100.00000
   1.28108  -71.66690
   1.28111 -100.00000
   1.30516  -66.99083
   1.30519 -100.00000
   1.32692  -58.45441
   1.32694 -100.00000
   1.34669  -55.78601
   1.34672  -81.14915
   1.36255  -53.73448
   1.36257 -100.00000
   1.39090  -50.65855
   1.39092 -100.00000
   1.41664  -47.43542
   1.41666 -100.00000
   1.44302  -43.77060
   1.44305  -78.15559
   1.46596  -41.56164
   1.46599  -77.63941
   1.48587  -39.56164
   1.48590  -77.24130
   1.49997  -38.19458
   1.49999 -100.00000
   1.52402  -33.72102
   1.54679  -75.20969
   1.54681  -57.84552
   1.57613  -71.38375
   1.57616  -32.14370
   1.60478  -70.97910
   1.60480  -56.00651
   1.62943  -63.81911
   1.62946  -21.86621
   1.65548 -100.00000
   1.68003  -60.78876
   1.70327  -60.33088
   1.72533  -27.18197
   1.72535  -27.10254
   1.73179  -26.81533
   1.73182  -60.41281
   1.75998 -100.00000
   1.78644  -64.47015
   1.78646 -100.00000
   1.81627 -100.00000
   1.84415  -25.48896
   1.84418 -100.00000
   1.87346  -23.79008
   1.87348 -100.00000
   1.90585  -22.06976
   1.90588  -21.92505
   1.91399  -21.48539
   1.91401  -21.64923
   1.92674  -20.88486
   1.92677  -20.83502
   1.92749  -20.80006
   1.92752 -100.00000
   1.95310  -19.73580
   1.95312 -100.00000
   1.99255  -18.12781
   1.99257  -17.93113
   1.99424  -17.86172
   1.99427  -17.86187
   1.99658  -17.76720
   1.99661  -17.76505
   1.99797  -17.70975
   1.99799  -17.75903
   2.00745  -17.35040
   2.00748  -17.40713
   2.01831  -16.90449
   2.01834  -16.84611
   2.02814  -16.70678
   2.02816  -16.76888
   2.03683  -16.43739
   2.03686  -16.73806
   2.05481  -15.82012
   2.05483  -15.71765
   2.06107  -15.51312
   2.06110  -16.01539
   2.07756  -14.98961
   2.07759  -14.95164
   2.09601  -14.56350
   2.09604  -14.93488
   2.09734  -14.34010
   2.09736  -14.38669
   2.10155  -14.18331
   2.10157  -14.18974
   2.10261  -14.18663
   2.10264  -14.18116
   2.10586  -14.09097
   2.10588  -14.08734
   2.10613  -14.07936
   2.10616  -14.08120
   2.11154  -13.92373
   2.11156  -13.92288
   2.11197  -13.91054
   2.11200  -13.86818
   2.11925  -13.83282
   2.11928  -13.79670
   2.12426  -13.67542
   2.12428  -13.66464
   2.12700  -13.60667
   2.12703  -13.62829
   2.12769  -13.60750
   2.12771  -13.52181
   2.13752  -13.59244
   2.13754  -13.34913
   2.13817  -13.34979
   2.13819  -13.25821
   2.14940  -13.30385
   2.14943  -13.08149
   2.15032  -13.10366
   2.15035  -13.09436
   2.15045  -13.08771
   2.15048  -13.06739
   2.15677  -12.83424
   2.15680  -12.82289
   2.15899  -12.78538
   2.15902  -12.79556
   2.16809  -12.70305
   2.16811  -12.60513
   2.17763  -12.33451
   2.17766  -12.30641
   2.18176  -12.20913
   2.18179  -12.35193
   2.18847  -12.03444
   2.18850  -12.10839
   2.20239  -11.76473
   2.20242  -11.64961
   2.20420  -11.59334
   2.20423  -11.56296
   2.20997  -11.44551
   2.20999  -11.31139
   2.21787  -10.82480
   2.21789  -10.92385
   2.21797  -10.92178
   2.21800  -10.92057
   2.21835  -10.89406
   2.21837  -10.89062
   2.21872  -10.88950
   2.21875  -10.94829
   2.22565  -10.79789
   2.23245  -11.91375
   2.23248  -11.45059
   2.23473  -10.74858
   2.23475  -10.89629
   2.23965  -10.98558
   2.23967  -10.51561
   2.24246  -10.81073
   2.24249  -10.65772
   2.24363  -10.65875
   2.24366  -10.67995
   2.24538  -10.52149
   2.24540  -10.52958
   2.25075  -10.78451
   2.25078  -10.78347
   2.25373  -10.32367
   2.25375  -10.19806
   2.25711  -10.67793
   2.26045  -55.85930
   2.26376  -10.28597
   2.26705  -10.05463
   2.26707  -10.02870
   2.27052   -9.90075
   2.27055   -9.85762
   2.27166   -9.96477
   2.27169   -9.93631
   2.27184   -9.94649
   2.27186  -10.11589
   2.27376 -100.00000
   2.27379  -10.85958
   2.27585  -10.12013
   2.27588  -10.04740
   2.27806   -9.56202
   2.27808   -9.61435
   2.28027   -9.77159
   2.28030   -9.78017
   2.28383   -9.86488
   2.28386   -9.84526
   2.28526   -9.79712
   2.28529   -9.78568
   2.28632   -9.69977
   2.28634   -9.69335
   2.28682   -9.69507
   2.28684   -9.89618
   2.28944   -9.79016
   2.29203   -9.21001
   2.29460  -55.50066
   2.29716  -10.11070
   2.29718  -10.06303
   2.29801   -9.58852
   2.29804   -9.43288
   2.29951   -9.41899
   2.29954   -9.73103
   2.30119   -9.30290
   2.30283   -9.27721
   2.30448   -9.02098
   2.30611   -9.49359
   2.30613   -9.45419
   2.30739   -9.44761
   2.30864  -10.01155
   2.30867   -9.96089
   2.31014   -9.56972
   2.31162   -9.00560
   2.31309   -9.45605
   2.31455   -9.13286
   2.31457   -9.07018
   2.31502   -9.34394
   2.31505   -9.35653
   2.31563   -9.29962
   2.31565   -9.11446
   2.31664   -9.98543
   2.31762   -9.88091
   2.31765   -9.85395
   2.31847   -9.58515
   2.31850   -9.58161
   2.31913   -9.42424
   2.31915   -9.44306
   2.32014   -9.00730
   2.32112   -8.89431
   2.32211   -9.29323
   2.32308   -9.41820
   2.32311   -9.43476
   2.32424   -9.13117
   2.32426   -9.07999
   2.32514   -8.95071
   2.32602   -8.88000
   2.32689   -9.19836
   2.32777   -9.08317
   2.32779   -9.03295
   2.32878   -8.97078
   2.32977   -8.93154
   2.33076   -9.58873
   2.33175   -9.68715
   2.33177   -9.67829
   2.33245   -9.44529
   2.33313   -9.23318
   2.33316   -9.24892
   2.33394   -8.92488
   2.33472   -8.65559
   2.33475   -8.62684
   2.33576   -8.71048
   2.33677   -9.08692
   2.33777   -8.75598
   2.33878   -8.73992
   2.33880   -8.79940
   2.33939   -8.85877
   2.33998   -8.82939
   2.34056   -8.82602
   2.34115   -8.80918
   2.34117   -8.80763
   2.34131   -8.80380
   2.34134   -8.80275
   2.34142   -8.80046
   2.34144   -8.79965
   2.34199   -8.78521
   2.34255   -8.78228
   2.34257   -8.78649
   2.34315   -8.78412
   2.34373   -8.76301
   2.34431   -8.75794
   2.34488   -8.73649
   2.34491   -8.73012
   2.34591   -8.72178
   2.34641   -8.74033
   2.34692   -8.74891
   2.34742   -8.71350
   2.34791   -9.04768
   2.34841   -9.17442
   2.34891   -8.92934
   2.34894   -8.92159
   2.34966   -8.69170
   2.35039   -8.67748
   2.35041   -8.67734
   2.35117   -8.66818
   2.35194   -8.61140
   2.35269   -8.54653
   2.35345   -8.52409
   2.35348   -8.51973
   2.35401   -8.52790
   2.35404   -8.53137
   2.35483   -8.51553
   2.35561   -8.49357
   2.35639   -8.49375
   2.35717   -8.41737
   2.35720   -8.41152
   2.35761   -8.36577
   2.35764   -8.28250
   2.36069   -8.44776
   2.36071   -8.33916
   2.36148   -8.35979
   2.36151   -8.39853
   2.37056   -8.32824
   2.37059   -8.58413
   2.37214   -7.93029
   2.37217   -7.88335
   2.37358   -7.76037
   2.37360   -7.63479
   2.37673   -8.95083
   2.37676  -54.28142
   2.38143   -7.74643
   2.38146   -7.53863
   2.38160   -7.50331
   2.38163   -7.49645
   2.38202   -7.37999
   2.38205   -7.32879
   2.38470   -7.67321
   2.38472   -7.41702
   2.38716 -100.00000
   2.38718   -8.10465
   2.38725   -8.05840
   2.38728   -7.74386
   2.39776   -7.58481
   2.39778   -7.28879
   2.40374   -7.18736
   2.40376   -7.22693
   2.40585   -7.18295
   2.40587   -7.16245
   2.40695   -7.15903
   2.40698   -7.07511
   2.40937   -8.13637
   2.40940   -8.96820
   2.41000   -8.43235
   2.41002 -100.00000
   2.41153   -7.27901
   2.41156   -7.27095
   2.41313   -6.81676
   2.41316   -6.84657
   2.41414   -7.09536
   2.41417   -6.96708
   2.41480   -6.87876
   2.41483   -6.89854
   2.41726   -6.91529
   2.41728   -6.94756
   2.41748   -6.97502
   2.41750   -7.01675
   2.41993   -7.18074
   2.41996   -6.82679
   2.42904   -6.41467
   2.42907   -6.40511
   2.42981   -7.36648
   2.42984   -6.91125
   2.42994   -6.83343
   2.42997   -6.34888
   2.43355   -6.40762
   2.43357   -6.76667
   2.43479   -6.43716
   2.43482   -6.51568
   2.43560   -6.42773
   2.43563   -6.43038
   2.43813  -53.69186
   2.43816  -53.44461
   2.43878   -6.33664
   2.43880   -6.14679
   2.44112   -6.21493
   2.44114   -6.32723
   2.44162   -6.28077
   2.44165   -6.07037
   2.44314   -6.51517
   2.44317   -6.44725
   2.44685   -6.37740
   2.44688  -54.35964
   2.44808   -7.09291
   2.44810   -7.03679
   2.44940   -6.61797
   2.44943   -6.19568
   2.45480   -6.07358
   2.45483   -6.40331
   2.45522   -6.38793
   2.45525   -6.40916
   2.45572   -6.22323
   2.45574   -6.20624
   2.45606   -6.04658
   2.45608   -5.95039
   2.45714   -5.87259
   2.45716   -5.82465
   2.46023   -6.09929
   2.46026   -6.16188
   2.46062   -6.28077
   2.46065   -6.32060
   2.46120   -6.18726
   2.46123   -6.15943
   2.46162   -6.02605
   2.46165   -5.82029
   2.46508   -5.99243
   2.46511   -5.94089
   2.46632   -6.45866
   2.46634   -6.33054
   2.46701   -6.18922
   2.46703   -6.33749
   2.46985   -6.12169
   2.46988   -6.13619
   2.47087   -6.30552
   2.47090   -6.25335
   2.47116   -6.24364
   2.47119   -6.24549
   2.47129   -6.24596
   2.47131   -6.24953
   2.47159   -6.23197
   2.47162   -6.22541
   2.47186   -6.21269
   2.47188   -6.22678
   2.47394   -6.08569
   2.47396   -6.20074
   2.47647   -5.64645
   2.47650   -5.77084
   2.47666   -5.84615
   2.47668   -5.87629
   2.47701   -6.24900
   2.47703  -53.48040
   2.47958   -5.56849
   2.47960   -5.59406
   2.48350   -6.31359
   2.48352   -6.58428
   2.48386   -6.35791
   2.48388   -6.34769
   2.48416   -6.22643
   2.48419   -6.21275
   2.48422   -6.19400
   2.48430   -6.15896
   2.48432   -6.14770
   2.48455   -6.05511
   2.48457   -6.24873
   2.48707   -5.52285
   2.48709   -5.50827
   2.49099   -5.24018
   2.49101   -5.34556
   2.49143   -5.57186
   2.49146   -5.76595
   2.49383   -5.84141
   2.49385   -5.67500
   2.49448   -5.77691
   2.49451   -6.23351
   2.49614 -100.00000
   2.49616   -6.72075
   2.49726   -6.15716
   2.49729   -6.11806
   2.49771   -5.88277
   2.49774   -5.85442
   2.49805   -5.66852
   2.49808   -5.59859
   2.50193   -5.42160
   2.50196   -5.62032
   2.50395   -5.32613
   2.50398   -5.35525
   2.50410   -5.39137
   2.50413   -5.47635
   2.50622   -5.40724
   2.50625   -5.21194
   2.50689   -5.08689
   2.50691   -5.09677
   2.50708   -5.14746
   2.50710   -5.16249
   2.50723   -5.24965
   2.50726  -52.59455
   2.50894   -5.71775
   2.50896   -5.21800
   2.50900   -5.19759
   2.50903   -5.13278
   2.50985   -5.51529
   2.50988   -5.41071
   2.51005   -5.45554
   2.51008   -5.57098
   2.51179   -5.81566
   2.51181   -5.32762
   2.51238   -5.26132
   2.51240   -5.40807
   2.51421   -5.32100
   2.51423   -5.30104
   2.51552   -5.46402
   2.51554   -5.48853
   2.51575   -5.49610
   2.51578   -5.49805
   2.51584   -5.50306
   2.51587   -5.50553
   2.51590   -5.50938
   2.51593   -5.56075
   2.51674   -5.50635
   2.51676   -5.42669
   2.51697   -5.27048
   2.51700   -5.12361
   2.51797   -4.95606
   2.51800   -5.27194
   2.51848   -5.85615
   2.51850   -5.79796
   2.51937   -5.57957
   2.51940   -5.30992
   2.52346   -5.47835
   2.52348   -5.05282
   2.52602   -5.32244
   2.52853   -5.79084
   2.52856   -5.52820
   2.53265   -5.21400
   2.53267   -5.53289
   2.53386   -5.28039
   2.53389   -5.26006
   2.53664   -5.29631
   2.53937   -5.22228
   2.53939   -5.32888
   2.54250   -5.40365
   2.54253   -5.91651
   2.54472   -5.03597
   2.54474   -5.62719
   2.54684   -5.62474
   2.54686   -5.53795
   2.54736   -5.37482
   2.54738   -5.35594
   2.54747   -5.32975
   2.54749   -5.42426
   2.55115   -5.25179
   2.55117   -5.17167
   2.55179   -5.47280
   2.55181   -5.24035
   2.55552   -5.28632
   2.55555   -5.14301
   2.55841   -5.50227
   2.55844   -5.38003
   2.55890   -5.33172
   2.55893   -5.17494
   2.56236   -5.02176
   2.56239   -5.25052
   2.56271   -5.48087
   2.56273   -5.68531
   2.56553   -5.09371
   2.56831   -5.31132
   2.56833   -4.96674
   2.56840   -4.90105
   2.56842   -4.87223
   2.56874   -4.86443
   2.56876   -4.89323
   2.56879   -5.19416
   2.57135   -5.01013
   2.57137   -4.97789
   2.57152   -4.96967
   2.57155   -4.94687
   2.57382   -5.02229
   2.57608   -4.68780
   2.57610  -53.00753
   2.57948   -4.84984
   2.58283   -5.34764
   2.58285   -4.98588
   2.58497   -5.12053
   2.58499   -5.82101
   2.58624   -5.76277
   2.58627   -5.16772
   2.58828   -5.24702
   2.58831   -5.48683
   2.58944   -5.38510
   2.58947   -5.40707
   2.59063   -5.48052
   2.59065   -5.43040
   2.59285   -5.11458
   2.59503   -5.33485
   2.59505   -5.14200
   2.59629   -4.73508
   2.59632   -5.51011
   2.59635  -52.54045
   2.59768  -52.62497
   2.59770   -5.37926
   2.59944   -5.02977
   2.59947   -4.91749
   2.60095   -6.52400
   2.60098   -5.10142
   2.60336   -4.99917
   2.60339   -4.62957
   2.60627   -5.16453
   2.60629   -5.14080
   2.60636   -5.13422
   2.60638   -5.11554
   2.60709   -5.16029
   2.60711   -5.16982
   2.60727   -5.17882
   2.60729   -5.18017
   2.60742   -5.18079
   2.60745   -5.18143
   2.60758   -5.16345
   2.60761   -5.13066
   2.60882   -4.85638
   2.60885   -4.97637
   2.61161   -4.71006
   2.61436   -4.96238
   2.61439   -4.92860
   2.61705   -4.85932
   2.61969   -4.70448
   2.61972   -4.83596
   2.62081   -4.70956
   2.62084   -4.61923
   2.62089   -4.59686
   2.62092   -4.53426
   2.62199   -4.47530
   2.62202   -4.86470
   2.62550   -5.23005
   2.62553   -4.56698
   2.62633   -4.80679
   2.62635   -4.77954
   2.62705   -4.92806
   2.62708   -4.86332
   2.63016   -4.64147
   2.63322   -4.90542
   2.63324   -4.71009
   2.63362   -4.82138
   2.63364   -4.89877
   2.63486   -5.10031
   2.63489   -5.23152
   2.63726   -4.81592
   2.63729   -4.68253
   2.64067   -4.63402
   2.64069   -4.74856
   2.64265   -5.01934
   2.64461   -4.62779
   2.64463   -4.71242
   2.64588   -4.62749
   2.64591   -4.57677
   2.64647   -4.78240
   2.64649   -4.84688
   2.64679   -4.98946
   2.64682   -4.98710
   2.64851   -4.45917
   2.64853   -4.49144
   2.64857   -4.47139
   2.65061   -4.46278
   2.65064   -4.39600
   2.65205   -4.64062
   2.65208   -4.60548
   2.65253   -4.60825
   2.65256   -4.61807
   2.65379   -4.74432
   2.65381   -4.70489
   2.65454   -4.70824
   2.65457   -4.69611
   2.65588   -4.57629
   2.65591   -4.50278
   2.65689   -4.52015
   2.65691   -4.56585
   2.65697   -4.57719
   2.65700   -4.58508
   2.65732   -4.63438
   2.65735   -4.63401
   2.65753   -4.64061
   2.65756   -4.64138
   2.65851   -4.63814
   2.65854   -4.62274
   2.65982   -4.76846
   2.65984   -4.61737
   2.66166   -4.44433
   2.66169   -4.56521
   2.66174   -4.57415
   2.66177   -4.60502
   2.66287   -4.52380
   2.66289   -4.51754
   2.66292   -4.51486
   2.66322   -4.53836
   2.66324   -4.55228
   2.66494   -4.83586
   2.66497   -5.00660
   2.66664   -4.68072
   2.66830   -4.42571
   2.66833   -4.46818
   2.66955   -4.40844
   2.67078   -4.65250
   2.67081   -4.55535
   2.67247   -4.46975
   2.67414   -4.57990
   2.67416   -4.55352
   2.67540   -4.73900
   2.67543   -4.72612
   2.67685   -4.69131
   2.67688   -4.63129
   2.67778   -4.72769
   2.67781   -4.68664
   2.67927   -4.50107
   2.68072   -4.46735
   2.68216   -4.42898
   2.68361   -4.50380
   2.68363   -4.47921
   2.68465   -4.57678
   2.68565   -4.54231
   2.68568   -4.51443
   2.68574   -4.50218
   2.68577   -4.49550
   2.68602   -4.46662
   2.68604   -4.45682
   2.68655   -4.57523
   2.68658   -4.64705
   2.68760   -4.55308
   2.68863   -4.51606
   2.68865   -4.47044
   2.68977   -4.58541
   2.69089   -4.63334
   2.69091   -4.60238
   2.69096   -4.59974
   2.69098   -4.59984
   2.69210   -4.57889
   2.69266   -4.62627
   2.69322   -4.57267
   2.69325   -4.55473
   2.69393   -4.52872
   2.69461   -4.47505
   2.69529   -4.43314
   2.69597   -4.44203
   2.69665   -4.52814
   2.69733   -4.50500
   2.69800   -4.48335
   2.69868   -4.49868
   2.69870   -4.51097
   2.69875   -4.51436
   2.69877   -4.52055
   2.69917   -4.51774
   2.69920   -4.50746
   2.69971   -4.51440
   2.70021   -4.51457
   2.70024   -4.51026
   2.70052   -4.51711
   2.70054   -4.51991
   2.70056   -4.52100
   2.70059   -4.52859
   2.70110   -4.51958
   2.70162   -4.52655
   2.70213   -4.57975
   2.70264   -4.54414
   2.70267   -4.60988
   2.70426   -4.42689
   2.70429   -4.42921
   2.70478   -4.49489
   2.70480   -4.51756
   2.70515   -4.62919
   2.70518   -4.59155
   2.70635   -4.90893
   2.70638   -4.54902
   2.70734   -4.58068
   2.70736   -4.50739
   2.70824   -4.70580
   2.70826   -4.50936
   2.70829   -4.50743
   2.70838   -4.51774
   2.70841   -4.54579
   2.70930   -4.63901
   2.70933   -4.75903
   2.71007   -4.70029
   2.71009   -4.72722
   2.71226   -4.42033
   2.71229   -4.53448
   2.71643   -4.54245
   2.71645   -4.64092
   2.71651   -4.66368
   2.71654   -4.78704
   2.71897   -4.54742
   2.72139   -4.47486
   2.72141   -4.48666
   2.72182   -4.51901
   2.72185   -4.44294
   2.72499   -4.51739
   2.72501   -4.77535
   2.72516   -4.84967
   2.72519   -4.85861
   2.72528   -4.89012
   2.72531   -4.94552
   2.72577   -4.82281
   2.72580   -4.58700
   2.72755   -4.53487
   2.72758   -4.66430
   2.72818   -4.84559
   2.72820   -4.80665
   2.72840   -4.75393
   2.72842   -4.74183
   2.72859   -4.67703
   2.72861   -4.58854
   2.73007   -4.56340
   2.73009   -4.52347
   2.73318   -4.62695
   2.73321   -4.58974
   2.73419   -4.77497
   2.73422   -4.96966
   2.73593   -4.70954
   2.73596   -4.64593
   2.73602   -4.64776
   2.73605   -4.69852
   2.73709   -4.64630
   2.73712   -4.63833
   2.73820   -4.75618
   2.73822   -4.74117
   2.73877   -4.71637
   2.73880   -4.66346
   2.74033   -4.67252
   2.74036   -4.57615
   2.74249   -4.71404
   2.74252   -4.68619
   2.74284   -4.70729
   2.74287   -5.07466
   2.74697   -5.10050
   2.74700   -5.00608
   2.74943   -4.34432
   2.75183   -4.47925
   2.75186   -4.48149
   2.75211   -4.47057
   2.75214   -4.46502
   2.75346   -4.39028
   2.75348   -4.46389
   2.75454   -4.50236
   2.75457   -4.48739
   2.75488   -4.47397
   2.75491   -4.46951
   2.75553   -4.46283
   2.75556   -4.49556
   2.75850   -4.66130
   2.75853   -4.58793
   2.75906   -4.51404
   2.75908   -4.50948
   2.75930   -4.50632
   2.75932   -4.51369
   2.75994   -4.56619
   2.75997   -4.55504
   2.76078   -4.44539
   2.76080   -4.43467
   2.76234   -4.51479
   2.76236   -4.48624
   2.76349   -4.59571
   2.76352   -4.69245
   2.76461   -4.47081
   2.76463   -4.49323
   2.76479   -4.51042
   2.76482   -4.52030
   2.76543   -4.58399
   2.76546   -4.57490
   2.76579   -4.54526
   2.76581   -4.51144
   2.76672   -4.52391
   2.76675   -4.56842
   2.76760   -4.68554
   2.76762   -4.64892
   2.76882   -4.52974
   2.76884   -4.56972
   2.76887   -4.57316
   2.76890   -4.57980
   2.76925   -4.59124
   2.76927   -4.55627
   2.77082   -4.70251
   2.77085   -4.81072
   2.77257   -4.56080
   2.77260   -4.56720
   2.77587   -4.49166
   2.77590   -4.51692
   2.77757   -4.55127
   2.77760   -4.58037
   2.78145   -4.72338
   2.78148   -4.71903
   2.78378   -4.56116
   2.78381   -4.56974
   2.78635 -100.00000
   2.78637   -5.32931
   2.78739   -4.84440
   2.78742   -4.79143
   2.78938   -4.44787
   2.78940   -4.36535
   2.79208   -4.46005
   2.79211   -4.56932
   2.79599   -4.47444
   2.79602   -4.47238
   2.79933   -5.24255
   2.79936   -5.05645
   2.79977   -5.17582
   2.79980   -5.31510
   2.80069   -5.25291
   2.80071   -5.20607
   2.80298   -4.44500
   2.80301   -4.34831
   2.80591   -4.37686
   2.80879   -4.47592
   2.81166   -4.45093
   2.81450   -4.48113
   2.81453   -4.51960
   2.81581   -4.47904
   2.81583   -4.51167
   2.81646   -4.49285
   2.81649   -4.47647
   2.81705   -4.47718
   2.81707   -4.50503
   2.81860   -4.45932
   2.81863   -4.45488
   2.82235   -4.55931
   2.82603   -4.51547
   2.82606   -4.41669
   2.82964   -4.55418
   2.82967   -4.51248
   2.83303   -4.46122
   2.83305   -4.45685
   2.83628   -4.48024
   2.83630   -4.50591
   2.83647   -4.50985
   2.83650   -4.50160
   2.83941   -4.48122
   2.83943   -4.46836
   2.84045   -4.61418
   2.84047   -4.51770
   2.84414   -4.50321
   2.84417   -4.49941
   2.84475   -4.47114
   2.84478   -4.48924
   2.84564   -4.54986
   2.84567   -4.53388
   2.84602   -4.51920
   2.84605   -4.51964
   2.84608   -4.51946
   2.84611   -4.51847
   2.84635   -4.52852
   2.84638   -4.52850
   2.84696   -4.59031
   2.84699   -4.83244
   2.85032   -4.38649
   2.85034   -4.46150
   2.85114   -4.52316
   2.85116   -4.54468
   2.85130   -4.60933
   2.85133   -4.63455
   2.85163   -4.79064
   2.85166   -4.81166
   2.85300   -4.32976
   2.85303   -4.44990
   2.85369   -4.48078
   2.85371   -4.47891
   2.85675   -4.53764
   2.85678   -4.54405
   2.85975   -4.54348
   2.85977   -4.51034
   2.86323   -4.47171
   2.86325   -4.48240
   2.86404   -4.48803
   2.86407   -4.48410
   2.86420   -4.48179
   2.86423   -4.47958
   2.86699   -4.50010
   2.86702   -4.49817
   2.86710   -4.49951
   2.86713   -4.50357
   2.86932   -4.49266
   2.87151   -4.49832
   2.87153   -4.50126
   2.87159   -4.50157
   2.87162   -4.50179
   2.87200   -4.50250
   2.87202   -4.50317
   2.87436   -4.50664
   2.87438   -4.50328
   2.87667   -4.53118
   2.87670   -4.51267
   2.87715   -4.50385
   2.87718   -4.52397
   2.88057   -4.56212
   2.88060   -4.49475
   2.88234   -4.53340
   2.88237   -4.57039
   2.88270   -4.67846
   2.88273   -4.88828
   2.88537 -100.00000
   2.88539   -5.37114
   2.88641   -4.76455
   2.88644   -4.74360
   2.88668   -4.67076
   2.88671   -4.65150
   2.88759   -4.52124
   2.88761   -4.55004
   2.88854   -4.49935
   2.88856   -4.48197
   2.88934   -4.17540
   2.88937   -4.23665
   2.89200   -4.62645
   2.89202   -4.72720
   2.89373   -4.54498
   2.89376   -4.53030
   2.89410   -4.50120
   2.89413   -4.50366
   2.89513   -4.62527
   2.89515   -4.62572
   2.89552   -4.67043
   2.89555   -5.32538
   2.89680  -53.27392
   2.89682   -5.41956
   2.89782 -100.00000
   2.89784 -100.00000
   2.90062   -4.58600
   2.90064   -4.53003
   2.90137   -4.42316
   2.90139   -4.32365
   2.90506   -4.40636
   2.90508   -4.44344
   2.90558   -4.47293
   2.90560   -4.47521
   2.90788   -4.54569
   2.90791   -4.55102
   2.90813   -4.58469
   2.90815   -4.59343
   2.90851   -4.67572
   2.90853   -4.72267
   2.90945   -4.54307
   2.90948   -4.50108
   2.91012   -4.50516
   2.91015   -4.52084
   2.91321   -4.54979
   2.91624   -4.59421
   2.91627   -4.59310
   2.91656   -4.61340
   2.91658   -4.61222
   2.91682   -4.60813
   2.91684   -4.60912
   2.91720   -4.57207
   2.91723   -4.55444
   2.91795   -4.54322
   2.91797   -4.50719
   2.92180   -4.68549
   2.92182   -4.65030
   2.92506   -4.51166
   2.92509   -4.58564
   2.92571   -4.82415
   2.92574   -4.81158
   2.92588   -4.84080
   2.92591   -4.84382
   2.92597   -4.85181
   2.92600   -4.78830
   2.92759   -4.39303
   2.92761   -4.51015
   2.92770   -4.51540
   2.92773   -4.51686
   2.92798   -4.52989
   2.92801   -4.53686
   2.92870   -4.54149
   2.92873   -4.53716
   2.92916   -4.54183
   2.92918   -4.54241
   2.92956   -4.54526
   2.92958   -4.54513
   2.93000   -4.54732
   2.93002   -4.54774
   2.93028   -4.55030
   2.93030   -4.55069
   2.93064   -4.55191
   2.93066   -4.55186
   2.93067   -4.55190
   2.93070   -4.55185
   2.93099   -4.55379
   2.93102   -4.55442
   2.93146   -4.55626
   2.93148   -4.55333
   2.93269   -4.58734
   2.93271   -4.59314
   2.93468   -4.62724
   2.93470   -4.62260
   2.93538   -4.68255
   2.93541   -4.74320
   2.93684   -4.63737
   2.93686   -4.54610
   2.93744   -4.46673
   2.93747   -4.49068
   2.93756   -4.49944
   2.93758   -4.51792
   2.93915   -4.58193
   2.93917   -4.56822
   2.93936   -4.57103
   2.93939   -4.57472
   2.94276   -4.60530
   2.94279   -4.57858
   2.94379   -4.58440
   2.94381   -4.59161
   2.94384   -4.59067
   2.94430   -4.62942
   2.94433   -4.66136
   2.94530   -4.60101
   2.94532   -4.58071
   2.94630   -4.58679
   2.94633   -4.58234
   2.94672   -4.58737
   2.94674   -4.58838
   2.94678   -4.58893
   2.94680   -4.59522
   2.95080   -4.59008
   2.95083   -4.60275
   2.95132   -4.60001
   2.95134   -4.59680
   2.95174   -4.59059
   2.95177   -4.59224
   2.95263   -4.59243
   2.95266   -4.59182
   2.95335   -4.59329
   2.95337   -4.59369
   2.95378   -4.59552
   2.95381   -4.59569
   2.95402   -4.59698
   2.95405   -4.59725
   2.95437   -4.59862
   2.95439   -4.59850
   2.95442   -4.59878
   2.95485   -4.59715
   2.95487   -4.59596
   2.95577   -4.59736
   2.95580   -4.59735
   2.95619   -4.60247
   2.95622   -4.60386
   2.95638   -4.60965
   2.95640   -4.61163
   2.95685   -4.63042
   2.95688   -4.63316
   2.95765   -4.60099
   2.95768   -4.60112
   2.95773   -4.60036
   2.95776   -4.59990
   2.95865   -4.60210
   2.95868   -4.60122
   2.95873   -4.60145
   2.95875   -4.60160
   2.95878   -4.60191
   2.95923   -4.60691
   2.95925   -4.60644
   2.95930   -4.60645
   2.95933   -4.60642
   2.95955   -4.60601
   2.95958   -4.60603
   2.95960   -4.60603
   2.95962   -4.60604
   2.95965   -4.60606
   2.95967   -4.60609
   2.95970   -4.60612
   2.95987   -4.60654
   2.95989   -4.60663
   2.95995   -4.60680
   2.95997   -4.60712
   2.96072   -4.60951
   2.96075   -4.60858
   2.96105   -4.60657
   2.96108   -4.60647
   2.96115   -4.60616
   2.96118   -4.61327
   2.96381   -4.59242
   2.96384   -4.45546
   2.96535   -4.32484
   2.96537   -4.48026
   2.96560   -4.55825
   2.96563   -4.72100
   2.96926   -4.65412
   2.96928   -4.47873
   2.96981   -4.46349
   2.96983   -4.22783
   2.97337   -4.35053
   2.97340   -4.35041
   2.97576   -4.27351
   2.97579   -4.31069
   2.97620   -4.39724
   2.97622   -4.38860
   2.97882   -4.29648
   2.98139   -4.33698
   2.98142   -4.41231
   2.98191   -4.50896
   2.98194   -4.53041
   2.98245   -4.48108
   2.98248   -4.45071
   2.98290   -4.31941
   2.98293   -4.31082
   2.98585   -4.36436
   2.98875   -4.34628
   2.99164   -4.38874
   2.99450   -4.43914
   2.99735   -4.37368
   3.00018   -4.47784
   3.00299   -4.42485
   3.00578   -4.41679
   3.00581   -4.40081
   3.00666   -4.39694
   3.00669   -4.43911
   3.00799   -4.41471
   3.00801   -4.40959
   3.00838   -4.43291
   3.00840   -4.43443
   3.00842   -4.43543
   3.00845   -4.42715
   3.01213   -4.38812
   3.01579   -4.44744
   3.01941   -4.39731
   3.02300   -4.39279
   3.02303   -4.38486
   3.02469   -4.38480
   3.02472   -4.40645
   3.02700   -4.38137
   3.02703   -4.38254
   3.02847   -4.38264
   3.02850   -4.38790
   3.02853   -4.38829
   3.02855   -4.39006
   3.03073   -4.39238
   3.03291   -4.47590
   3.03293   -4.46604
   3.03705   -4.41572
   3.04113   -4.45182
   3.04116   -4.42399
   3.04119   -4.42389
   3.04122   -4.42197
   3.04174   -4.42070
   3.04177   -4.42575
   3.04405   -4.45283
   3.04407   -4.45049
   3.04645   -4.47205
   3.04647   -4.44221
   3.04730   -4.44089
   3.04732   -4.49954
   3.05139   -4.46662
   3.05142   -4.42441
   3.05316   -4.64247
   3.05319   -4.43508
   3.05665   -4.56538
   3.05668   -4.62007
   3.05778   -4.42539
   3.05781   -4.47057
   3.06099   -4.48042
   3.06415   -4.48923
   3.06418   -4.48657
   3.06783   -4.53201
   3.06786   -4.51469
   3.07197   -4.54324
   3.07199   -4.56149
   3.07455   -4.55035
   3.07457   -4.58479
   3.07740   -4.56037
   3.08021   -4.55012
   3.08300   -4.59507
   3.08578   -4.59611
   3.08581   -4.61105
   3.08819   -4.57425
   3.08822   -4.59369
   3.08925   -4.74528
   3.08928   -4.62467
   3.09188   -4.54682
   3.09191   -4.57279
   3.09297   -4.55649
   3.09300   -4.55736
   3.09328   -4.55630
   3.09330   -4.53451
   3.09538  -52.97483
   3.09541   -5.41443
   3.09621   -4.93446
   3.09624   -4.85032
   3.09942   -4.36352
   3.09945   -4.45328
   3.10000   -4.51501
   3.10003   -4.55559
   3.10279   -4.59973
   3.10554   -4.60684
   3.10557   -4.60040
   3.10881   -4.61881
   3.11204   -4.63460
   3.11206   -4.62615
   3.11472   -4.63058
   3.11474   -4.61846
   3.11493   -4.61625
   3.11496   -4.61491
   3.11585   -4.63362
   3.11587   -4.63652
   3.11621   -4.64147
   3.11624   -4.64060
   3.11629   -4.64043
   3.11631   -4.63678
   3.11701   -4.65255
   3.11703   -4.66698
   3.11777   -4.63861
   3.11780   -4.62750
   3.11825   -4.63256
   3.11828   -4.63924
   3.11892   -4.63945
   3.11895   -4.63094
   3.12119   -4.66778
   3.12341   -4.67124
   3.12344   -4.69780
   3.12465   -4.69852
   3.12467   -4.69846
   3.12603   -4.69106
   3.12605   -4.67860
   3.12772   -4.64535
   3.12774   -4.69167
   3.12926   -4.67570
   3.12928   -4.64280
   3.13246   -4.70674
   3.13561   -4.69730
   3.13563   -4.70281
   3.13621   -4.70839
   3.13624   -4.68855
   3.13908   -4.77925
   3.13910   -4.76499
   3.14114   -4.83676
   3.14117   -4.80422
   3.14361   -4.68013
   3.14363   -4.73727
   3.14413   -4.73698
   3.14416   -4.72406
   3.14499   -4.69211
   3.14501   -4.71223
   3.14679   -4.88403
   3.14682   -4.86058
   3.14692   -4.84169
   3.14694   -4.82529
   3.14783   -4.64199
   3.14785   -4.67751
   3.14876   -4.78848
   3.14879   -4.80742
   3.14978   -4.89276
   3.14980   -4.83881
   3.15067   -4.69479
   3.15070   -4.72786
   3.15131   -4.74866
   3.15133   -4.73524
   3.15257   -4.78189
   3.15260   -4.82501
   3.15310   -4.86296
   3.15313   -4.85915
   3.15341   -4.83903
   3.15344   -4.83329
   3.15346   -4.82974
   3.15349   -4.78533
   3.15505   -4.71895
   3.15507   -4.79125
   3.15611   -4.77931
   3.15613   -4.77367
   3.15945   -4.81862
   3.15948   -4.84797
   3.15979   -4.83712
   3.15982   -4.75999
   3.16404   -4.79779
   3.16406   -4.77103
   3.16466   -4.81386
   3.16469   -4.83195
   3.16601   -4.80945
   3.16603   -4.79860
   3.16801   -4.85004
   3.16804   -4.83941
   3.17170   -4.80831
   3.17173   -4.84091
   3.17361   -4.80457
   3.17363   -4.81790
   3.17420   -4.82851
   3.17422   -4.81682
   3.17822   -4.80159
   3.17825   -4.79180
   3.17950   -4.83198
   3.17952   -4.81534
   3.18049   -4.83322
   3.18052   -4.88491
   3.18171   -4.85993
   3.18173   -4.82244
   3.18184   -4.81295
   3.18187   -4.81125
   3.18199   -4.80591
   3.18202   -4.79783
   3.18500   -4.81516
   3.18502   -4.82441
   3.18612   -4.82424
   3.18614   -4.81142
   3.18751   -4.84449
   3.18752   -4.86607
   3.18755   -4.87871
   3.18837   -4.86775
   3.18839   -4.84490
   3.18939   -4.92605
   3.18941   -4.83063
   3.18992 -100.00000
   3.18994   -7.63306
   3.19099   -6.91868
   3.19102   -6.66606
   3.19115   -6.38862
   3.19118   -6.67241
   3.19225   -5.54696
   3.19228   -5.57462
   3.19492   -4.74381
   3.19494   -4.70071
   3.19695   -4.71498
   3.19697   -4.78415
   3.19983   -4.91070
   3.19986   -4.90096
   3.20217   -4.89820
   3.20220   -4.92500
   3.20319   -4.87444
   3.20322   -4.87156
   3.20470   -4.93810
   3.20473   -4.89666
   3.20740   -4.91821
   3.20742   -4.91429
   3.20917   -4.96161
   3.20919   -4.96421
   3.20991   -4.95548
   3.20993   -4.93752
   3.21175   -4.99829
   3.21177   -4.99063
   3.21391   -4.99615
   3.21394   -5.00110
   3.21756   -5.00480
   3.21759   -4.93262
   3.21773   -4.92098
   3.21776   -4.91807
   3.21820   -4.91421
   3.21822   -4.91629
   3.21836   -4.92226
   3.21839   -5.01062
   3.22143   -4.94403
   3.22446   -5.02980
   3.22448   -4.98877
   3.22673   -4.96916
   3.22896   -4.96435
   3.23118   -4.96603
   3.23339   -4.97455
   3.23342   -4.98782
   3.23587   -4.99276
   3.23831   -5.04671
   3.24073   -5.02347
   3.24314   -4.97828
   3.24317   -4.98876
   3.24620   -5.00109
   3.24922   -5.01172
   3.24924   -5.00756
   3.25127   -5.01009
   3.25129   -5.00570
   3.25155   -5.00183
   3.25158   -4.99276
   3.25493   -5.02027
   3.25825   -5.04750
   3.25828   -5.03900
   3.26167   -5.04480
   3.26170   -5.06006
   3.26349   -5.02997
   3.26352   -5.04433
   3.26750   -5.05310
   3.27145   -5.06372
   3.27147   -5.06987
   3.27328   -5.06948
   3.27331   -5.08084
   3.27678   -5.08825
   3.27681   -5.10173
   3.27974   -5.09100
   3.27976   -5.10650
   3.27990   -5.10445
   3.27993   -5.09595
   3.28169   -5.09456
   3.28172   -5.10973
   3.28357   -5.09099
   3.28360   -5.10582
   3.28586   -5.10406
   3.28589   -5.09337
   3.28849   -5.13199
   3.28852   -5.14237
   3.28906   -5.11747
   3.28909   -5.11174
   3.29144   -5.14848
   3.29147   -5.12234
   3.29269   -5.12116
   3.29271   -5.12398
   3.29470   -5.12997
   3.29473   -5.13311
   3.29577   -5.14915
   3.29580   -5.14865
   3.29593   -5.15012
   3.29595   -5.15077
   3.29632   -5.15317
   3.29635   -5.15351
   3.29679   -5.14463
   3.29682   -5.13921
   3.29947   -5.14838
   3.29950   -5.14793
   3.30116   -5.15071
   3.30119   -5.15037
   3.30296   -5.15774
   3.30298   -5.15735
   3.30511   -5.16390
   3.30513   -5.16445
   3.30602   -5.16601
   3.30604   -5.16544
   3.30692   -5.16971
   3.30694   -5.18055
   3.30939   -5.17555
   3.30942   -5.17624
   3.30988   -5.17911
   3.30991   -5.17922
   3.31065   -5.18205
   3.31068   -5.18202
   3.31101   -5.18467
   3.31103   -5.18534
   3.31136   -5.18909
   3.31138   -5.18971
   3.31185   -5.18663
   3.31188   -5.18592
   3.31204   -5.18491
   3.31207   -5.19264
   3.31587   -5.19431
   3.31963   -5.19033
   3.31966   -5.20080
   3.32270   -5.21698
   3.32572   -5.22895
   3.32871   -5.23369
   3.33169   -5.24498
   3.33465   -5.26360
   3.33759   -5.25746
   3.34051   -5.27673
   3.34341   -5.27907
   3.34343   -5.28339
   3.34734   -5.29200
   3.35121   -5.30434
   3.35124   -5.30028
   3.35171   -5.30031
   3.35174   -5.30263
   3.35473   -5.30791
   3.35770   -5.33496
   3.36065   -5.32939
   3.36358   -5.34461
   3.36361   -5.33886
   3.36551   -5.38345
   3.36554   -5.39391
   3.36747   -5.35520
   3.36749   -5.37795
   3.36752   -5.38233
   3.36835   -5.35127
   3.36837   -5.35489
   3.36980   -5.36122
   3.36983   -5.36162
   3.37185   -5.36841
   3.37188   -5.36940
   3.37366   -5.37353
   3.37368   -5.37510
   3.37764   -5.38895
   3.37767   -5.38872
   3.37919   -5.39569
   3.37921   -5.38802
   3.38212   -5.42125
   3.38214   -5.41846
   3.38591   -5.41619
   3.38594   -5.41602
   3.38982   -5.42968
   3.38985   -5.43127
   3.39116   -5.44121
   3.39119   -5.43350
   3.39507   -5.45366
   3.39509   -5.44815
   3.39799   -5.45640
   3.39802   -5.45704
   3.39845   -5.45834
   3.39847   -5.45899
   3.40089   -5.46664
   3.40091   -5.46599
   3.40246   -5.47277
   3.40248   -5.47279
   3.40362   -5.48941
   3.40365   -5.48721
   3.40416   -5.50133
   3.40418   -5.49963
   3.40691   -5.49233
   3.40961   -5.49477
   3.41230   -5.50644
   3.41497   -5.51429
   3.41500   -5.51553
   3.41931   -5.52940
   3.41933   -5.52970
   3.42239   -5.54133
   3.42543   -5.55194
   3.42845   -5.56254
   3.43145   -5.57401
   3.43148   -5.57399
   3.43495   -5.58474
   3.43498   -5.58527
   3.43893   -5.60012
   3.44286   -5.62221
   3.44288   -5.61175
   3.44496   -5.61932
   3.44499   -5.62026
   3.44749   -5.62892
   3.44996   -5.63746
   3.44999   -5.64840
   3.45247   -5.65318
   3.45494   -5.64151
   3.45497   -5.64550
   3.45793   -5.66749
   3.46087   -5.67560
   3.46380   -5.68590
   3.46670   -5.69655
   3.46672   -5.69659
   3.46761   -5.69941
   3.46764   -5.69937
   3.46878   -5.69722
   3.46880   -5.69539
   3.46948   -5.70789
   3.46951   -5.70927
   3.46954   -5.70973
   3.46956   -5.71046
   3.46987   -5.71313
   3.46990   -5.71324
   3.47021   -5.71373
   3.47024   -5.71154
   3.47121   -5.70607
   3.47124   -5.70943
   3.47296   -5.72143
   3.47298   -5.71825
   3.47413   -5.72299
   3.47416   -5.72675
   3.47755   -5.73946
   3.48092   -5.75013
   3.48095   -5.74379
   3.48309   -5.76682
   3.48312   -5.75608
   3.48599   -5.76429
   3.48601   -5.76456
   3.48662   -5.76809
   3.48664   -5.78510
   3.49049   -5.78259
   3.49431   -5.79250
   3.49433   -5.79509
   3.49861   -5.79104
   3.50285   -5.82994
   3.50287   -5.82598
   3.50391   -5.82673
   3.50393   -5.82679
   3.50405   -5.82733
   3.50407   -5.83006
   3.50575   -5.83591
   3.50578   -5.83740
   3.50598   -5.83989
   3.50601   -5.84158
   3.50692   -5.83931
   3.50695   -5.83940
   3.50729   -5.84166
   3.50731   -5.83980
   3.51122   -5.87217
   3.51125   -5.85462
   3.51325   -5.86265
   3.51327   -5.86326
   3.51583   -5.87213
   3.51586   -5.87209
   3.51589   -5.87023
   3.51822   -5.88820
   3.52053   -5.88680
   3.52284   -5.89776
   3.52513   -5.90678
   3.52740   -5.91297
   3.52967   -5.92104
   3.53192   -5.93359
   3.53417   -5.93938
   3.53419   -5.94442
   3.53534   -5.94489
   3.53537   -5.94960
   3.53938   -5.94973
   3.53940   -5.87932
   3.54165   -5.98079
   3.54388   -5.97332
   3.54391   -5.97174
   3.54453   -5.97719
   3.54456   -5.97645
   3.54519   -5.98844
   3.54521   -5.99017
   3.54549   -5.99237
   3.54552   -5.97821
   3.54846   -5.98909
   3.54848   -5.98997
   3.55018   -5.99718
   3.55021   -5.99625
   3.55218   -6.00434
   3.55221   -6.00431
   3.55342   -6.00821
   3.55344   -6.00857
   3.55349   -6.00877
   3.55352   -6.00917
   3.55566   -6.01851
   3.55568   -6.02213
   3.55676   -6.03243
   3.55679   -6.02264
   3.55773   -6.02228
   3.55775   -6.02347
   3.55888   -6.02979
   3.55890   -6.02987
   3.55914   -6.03098
   3.55917   -6.03103
   3.55932   -6.03117
   3.55935   -6.03011
   3.56088   -6.03563
   3.56091   -6.03603
   3.56100   -6.03646
   3.56102   -6.03654
   3.56105   -6.03665
   3.56108   -6.03676
   3.56116   -6.03708
   3.56119   -6.03718
   3.56140   -6.03769
   3.56142   -6.03772
   3.56149   -6.03784
   3.56152   -6.03787
   3.56173   -6.03834
   3.56176   -6.03842
   3.56193   -6.03905
   3.56196   -6.03914
   3.56229   -6.04135
   3.56571   -6.05401
   3.56574   -6.03455
   3.56868   -6.00640
   3.56871   -6.02209
   3.57228   -6.06089
   3.57230   -6.05188
   3.57518   -6.05958
   3.57805   -6.06626
   3.58089   -6.08648
   3.58372   -6.07991
   3.58374   -6.10306
   3.58620   -6.07652
   3.58863   -6.10835
   3.59106   -6.10210
   3.59347   -6.12344
   3.59587   -6.11230
   3.59826   -6.13959
   3.60063   -6.12751
   3.60299   -6.16092
   3.60302   -6.17417
   3.60656   -6.14560
   3.61008   -6.18683
   3.61010   -6.16855
   3.61411   -6.17616
   3.61808   -6.24865
   3.61810   -6.19177
   3.61910   -6.19759
   3.61912   -6.20109
   3.62055   -6.20561
   3.62058   -6.20537
   3.62188   -6.21067
   3.62191   -6.21188
   3.62335   -6.21510
   3.62338   -6.21677
   3.62566   -6.22275
   3.62793   -6.24839
   3.62795   -6.23904
   3.63014   -6.23775
   3.63043   -6.24179
   3.63232   -6.24829
   3.63235   -6.24857
   3.63435   -6.25575
   3.63438   -6.25591
   3.63759   -6.26774
   3.63762   -6.26788
   3.64093   -6.29755
   3.64422   -6.28640
   3.64425   -6.29532
   3.64695   -6.30183
   3.64964   -6.31134
   3.65231   -6.32213
   3.65497   -6.33321
   3.65499   -6.33166
   3.65677   -6.34855
   3.65680   -6.35074
   3.65942   -6.34517
   3.65944   -6.35282
   3.66364   -6.36926
   3.66367   -6.36441
   3.66692   -6.37445
   3.67014   -6.38646
   3.67017   -6.38969
   3.67353   -6.40182
   3.67355   -6.40257
   3.67644   -6.41567
   3.67930   -6.42173
   3.68214   -6.43194
   3.68497   -6.44300
   3.68499   -6.44310
   3.68536   -6.44379
   3.68539   -6.44384
   3.68542   -6.44410
   3.68776   -6.45279
   3.68779   -6.45251
   3.68874   -6.45789
   3.68876   -6.45901
   3.68889   -6.46036
   3.68892   -6.45408
   3.69076   -6.47833
   3.69079   -6.51471
   3.69149   -6.54138
   3.69151   -6.47921
   3.69484   -6.47271
   3.69487   -6.47858
   3.69539   -6.48016
   3.69542   -6.48045
   3.69555   -6.48117
   3.69557   -6.48153
   3.69953   -6.49627
   3.70345   -6.51219
   3.70734   -6.52475
   3.71119   -6.54040
   3.71121   -6.54019
   3.71265   -6.54544
   3.71327   -6.54776
   3.71329   -6.54786
   3.71597   -6.55715
   3.71862   -6.56797
   3.71865   -6.56783
   3.71951   -6.57087
   3.71953   -6.57095
   3.71981   -6.57186
   3.71983   -6.57180
   3.72077   -6.57626
   3.72080   -6.57619
   3.72195   -6.57848
   3.72198   -6.58006
   3.72601   -6.59542
   3.72604   -6.59539
   3.72922   -6.60726
   3.72925   -6.60698
   3.73080   -6.61426
   3.73082   -6.61429
   3.73307   -6.62164
   3.73310   -6.62185
   3.73664   -6.64177
   3.74016   -6.64757
   3.74018   -6.64905
   3.74066   -6.65014
   3.74068   -6.64884
   3.74281   -6.65794
   3.74284   -6.65818
   3.74301   -6.65904
   3.74304   -6.65864
   3.74549   -6.66910
   3.74793   -6.67720
   3.74795   -6.67747
   3.74840   -6.67920
   3.74843   -6.67928
   3.75015   -6.68576
   3.75017   -6.68410
   3.75181   -6.69720
   3.75183   -6.70031
   3.75185   -6.70206
   3.75294   -6.69379
   3.75297   -6.69644
   3.75322   -6.69805
   3.75324   -6.69799
   3.75391   -6.69956
   3.75394   -6.70015
   3.75469   -6.70276
   3.75472   -6.70285
   3.75502   -6.70409
   3.75505   -6.70418
   3.75525   -6.70493
   3.75527   -6.70502
   3.75555   -6.70605
   3.75558   -6.70629
   3.75884   -6.71841
   3.75887   -6.71783
   3.76281   -6.73117
   3.76672   -6.75083
   3.77059   -6.76016
   3.77443   -6.79303
   3.77446   -6.77523
   3.77799   -6.79121
   3.77802   -6.79098
   3.77815   -6.79026
   3.78150   -6.80404
   3.78153   -6.80285
   3.78536   -6.81784
   3.78915   -6.83182
   3.79291   -6.84629
   3.79663   -6.86011
   3.79666   -6.85720
   3.79953   -6.87308
   3.80238   -6.87931
   3.80240   -6.87979
   3.80275   -6.88192
   3.80278   -6.88162
   3.80411   -6.88900
   3.80414   -6.89463
   3.80574   -6.89245
   3.80577   -6.89325
   3.80604   -6.89466
   3.80606   -6.89437
   3.80665   -6.89658
   3.80667   -6.89703
   3.80758   -6.90038
   3.80760   -6.90042
   3.80835   -6.90332
   3.80838   -6.90359
   3.80948   -6.90746
   3.80951   -6.90720
   3.80985   -6.90840
   3.80987   -6.90839
   3.81053   -6.91358
   3.81055   -6.91515
   3.81141   -6.92339
   3.81143   -6.92086
   3.81155   -6.91954
   3.81157   -6.91920
   3.81160   -6.91890
   3.81162   -6.91706
   3.81235   -6.91718
   3.81237   -6.91845
   3.81469   -6.92784
   3.81701   -6.93486
   3.81931   -6.94149
   3.82159   -7.00249
   3.82162   -6.99209
   3.82381   -6.95324
   3.82598   -6.96717
   3.83030   -7.00160
   3.83033   -6.98548
   3.83427   -7.00174
   3.83818   -7.01669
   3.83821   -7.01677
   3.84052   -7.02461
   3.84282   -7.04179
   3.84285   -7.04505
   3.84387   -7.03463
   3.84390   -7.03828
   3.84794   -7.05412
   3.85195   -7.06917
   3.85592   -7.08502
   3.85985   -7.10022
   3.85988   -7.10858
   3.86284   -7.10940
   3.86579   -7.12225
   3.86581   -7.12230
   3.86606   -7.12324
   3.86609   -7.12338
   3.86866   -7.13317
   3.87121   -7.14290
   3.87124   -7.14311
   3.87368   -7.15253
   3.87611   -7.16177
   3.87853   -7.17087
   3.88093   -7.18017
   3.88096   -7.18052
   3.88381   -7.19502
   3.88665   -7.20257
   3.88947   -7.20688
   3.89227   -7.22421
   3.89229   -7.22336
   3.89442   -7.23227
   3.89444   -7.23198
   3.89516   -7.23492
   3.89519   -7.23555
   3.89869   -7.24812
   3.89872   -7.24807
   3.90044   -7.25524
   3.90046   -7.25520
   3.90049   -7.25520
   3.90133   -7.25911
   3.90136   -7.25958
   3.90230   -7.26249
   3.90233   -7.26238
   3.90366   -7.26761
   3.90368   -7.26771
   3.90424   -7.26985
   3.90426   -7.27014
   3.90542   -7.27345
   3.90544   -7.27280
   3.90599   -7.27435
   3.90602   -7.27544
   3.90689   -7.28034
   3.90691   -7.27993
   3.90770   -7.28310
   3.90773   -7.28308
   3.90837   -7.28334
   3.90840   -7.28298
   3.90850   -7.28275
   3.90853   -7.28069
   3.91222   -7.30316
   3.91225   -7.30073
   3.91310   -7.30395
   3.91312   -7.30412
   3.91322   -7.30447
   3.91324   -7.30457
   3.91344   -7.30528
   3.91346   -7.30536
   3.91375   -7.30642
   3.91377   -7.30653
   3.91380   -7.30664
   3.91383   -7.30674
   3.91387   -7.30693
   3.91390   -7.30703
   3.91391   -7.30709
   3.91394   -7.30718
   3.91397   -7.30728
   3.91411   -7.30782
   3.91414   -7.30799
   3.91695   -7.31841
   3.91697   -7.31613
   3.92061   -7.32670
   3.92422   -7.33760
   3.92780   -7.35683
   3.93135   -7.36947
   3.93138   -7.36981
   3.93512   -7.38207
   3.93882   -7.39748
   3.93885   -7.40097
   3.94105   -7.40384
   3.94325   -7.41420
   3.94543   -7.42333
   3.94760   -7.42861
   3.95192   -7.45017
   3.95619   -7.45946
   3.95621   -7.45671
   3.95941   -7.48221
   3.96259   -7.48485
   3.96574   -7.49792
   3.96887   -7.51112
   3.96889   -7.52359
   3.97258   -7.52164
   3.97624   -7.54366
   3.97987   -7.55224
   3.98347   -7.56762
   3.98350   -7.58480
   3.98596   -7.57461
   3.98841   -7.58562
   3.99085   -7.59757
   3.99327   -7.60347
   3.99329   -7.60905
   3.99554   -7.61316
   3.99778   -7.62213
   3.99781   -7.62243
   4.00142   -7.63578
   4.00499   -7.65543
   4.00854   -7.66953
   4.01206   -7.67761
   4.01555   -7.69082
   4.01902   -7.70459
   4.02245   -7.72069
   4.02586   -7.73040
   4.02589   -7.73109
   4.02967   -7.74597
   4.03341   -7.76057
   4.03344   -7.76083
   4.03480   -7.76594
   4.03483   -7.76604
   4.03840   -7.78007
   4.03842   -7.78041
   4.03912   -7.78626
   4.03914   -7.78389
   4.04236   -7.79453
   4.04238   -7.81147
   4.04489   -7.80883
   4.04738   -7.81303
   4.04741   -7.81340
   4.04781   -7.81523
   4.04784   -7.81560
   4.04786   -7.81662
   4.05126   -7.83020
   4.05463   -7.84280
   4.05798   -7.85590
   4.06130   -7.86894
   4.06132   -7.86895
   4.06437   -7.88079
   4.06740   -7.89105
   4.07041   -7.91053
   4.07339   -7.91662
   4.07342   -7.91595
   4.07574   -7.92519
   4.07805   -7.93418
   4.07807   -7.93098
   4.08027   -7.93763
   4.08030   -7.94278
   4.08089   -7.94514
   4.08091   -7.94635
   4.08100   -7.94680
   4.08102   -7.94683
   4.08104   -7.94685
   4.08107   -7.94596
   4.08222   -7.95045
   4.08225   -7.94884
   4.08430   -7.96353
   4.08432   -7.96226
   4.08652   -7.96695
   4.08871   -7.97638
   4.09304   -7.99337
   4.09734   -8.01033
   4.10159   -8.02622
   4.10162   -8.02665
   4.10509   -8.04041
   4.10853   -8.05424
   4.11194   -8.07518
   4.11533   -8.07788
   4.11869   -8.09217
   4.12202   -8.10726
   4.12533   -8.11928
   4.12862   -8.13255
   4.12865   -8.13255
   4.13140   -8.14386
   4.13414   -8.15452
   4.13686   -8.16498
   4.13956   -8.17458
   4.14224   -8.18447
   4.14492   -8.19791
   4.14757   -8.20651
   4.15020   -8.21732
   4.15023   -8.21632
   4.15310   -8.22897
   4.15596   -8.24006
   4.15598   -8.24016
   4.15624   -8.24119
   4.15627   -8.24123
   4.15813   -8.24879
   4.15816   -8.24941
   4.15895   -8.25581
   4.15897   -8.25327
   4.16176   -8.26059
   4.16178   -8.26300
   4.16341   -8.26928
   4.16344   -8.26935
   4.16379   -8.27083
   4.16382   -8.27094
   4.16399   -8.27162
   4.16402   -8.27173
   4.16813   -8.28675
   4.17220   -8.30243
   4.17624   -8.31824
   4.18024   -8.33259
   4.18420   -8.35046
   4.18813   -8.36557
   4.19202   -8.38093
   4.19588   -8.39467
   4.19591   -8.39889
   4.19835   -8.40281
   4.20078   -8.41874
   4.20320   -8.42221
   4.20560   -8.43610
   4.20799   -8.44230
   4.21036   -8.45380
   4.21272   -8.46171
   4.21507   -8.47112
   4.21741   -8.47867
   4.21974   -8.49259
   4.22205   -8.49940
   4.22435   -8.50756
   4.22664   -8.51666
   4.22892   -8.52778
   4.23118   -8.53397
   4.23343   -8.54652
   4.23346   -8.54259
   4.23575   -8.55309
   4.23803   -8.56100
   4.24030   -8.57093
   4.24255   -8.57880
   4.24479   -8.59144
   4.24703   -8.59699
   4.24925   -8.60559
   4.25146   -8.61432
   4.25148   -8.61516
   4.25547   -8.63027
   4.25942   -8.64581
   4.25945   -8.64593
   4.26175   -8.65489
   4.26177   -8.65715
   4.26575   -8.67232
   4.26577   -8.67068
   4.26610   -8.67238
   4.26612   -8.67246
   4.26980   -8.68691
   4.27345   -8.70147
   4.27707   -8.70167
   4.28066   -8.72973
   4.28422   -8.74624
   4.28775   -8.75739
   4.29125   -8.77251
   4.29472   -8.78749
   4.29475   -8.78547
   4.29771   -8.79746
   4.30066   -8.80918
   4.30359   -8.82077
   4.30649   -8.83227
   4.30938   -8.84375
   4.31225   -8.85567
   4.31510   -8.86451
   4.31793   -8.88488
   4.32074   -8.88773
   4.32354   -8.90110
   4.32631   -8.91099
   4.32907   -8.92100
   4.33181   -8.93281
   4.33454   -8.94369
   4.33725   -8.95413
   4.33994   -8.96690
   4.33996   -8.96720
   4.34371   -8.97878
   4.34743   -8.99494
   4.34746   -8.99487
   4.35037   -9.00683
   4.35326   -9.01802
   4.35329   -9.01810
   4.35367   -9.01967
   4.35370   -9.01922
   4.35610   -9.03094
   4.35613   -9.03235
   4.35729   -9.03324
   4.35732   -9.03440
   4.35761   -9.03559
   4.35764   -9.03563
   4.35781   -9.03618
   4.35783   -9.03683
   4.36067   -9.04752
   4.36348   -9.05769
   4.36628   -9.06886
   4.36906   -9.08009
   4.37182   -9.09060
   4.37456   -9.10183
   4.37728   -9.11249
   4.37999   -9.12387
   4.38269   -9.13393
   4.38536   -9.14550
   4.38802   -9.15584
   4.39066   -9.16721
   4.39329   -9.17730
   4.39590   -9.18763
   4.39850   -9.19699
   4.40108   -9.20887
   4.40364   -9.21736
   4.40619   -9.22916
   4.40872   -9.23737
   4.41125   -9.24832
   4.41375   -9.25784
   4.41624   -9.26831
   4.41872   -9.27793
   4.42118   -9.28922
   4.42363   -9.29145
   4.42607   -9.30774
   4.42849   -9.31646
   4.43090   -9.32777
   4.43329   -9.33551
   4.43567   -9.34589
   4.43804   -9.35485
   4.44040   -9.36435
   4.44042   -9.36447
   4.44283   -9.37358
   4.44523   -9.38710
   4.44526   -9.38407
   4.44754   -9.39259
   4.44981   -9.40150
   4.45207   -9.41100
   4.45432   -9.41653
   4.45656   -9.42598
   4.45878   -9.43792
   4.46100   -9.44562
   4.46320   -9.45675
   4.46539   -9.46402
   4.46757   -9.47268
   4.47190   -9.49002
   4.47619   -9.50706
   4.48043   -9.52332
   4.51297   -9.65351
   4.51299   -9.65404
   4.51464   -9.66053
   4.51467   -9.66061
   4.51598   -9.66618
   4.51600   -9.66631
   4.51617   -9.66695
   4.51620   -9.66809
   4.58550   -9.94544
   4.58552   -9.94318
   4.64852  -10.19573
   4.64855  -10.19543
   4.64958  -10.19942
   4.64960  -10.19964
   4.64987  -10.20070
   4.64989  -10.20079
   4.65006  -10.20148
   4.65009  -10.20161
   4.70979  -10.44034
   4.70982  -10.44149
   4.76578  -10.66409
   4.76581  -10.66418
   4.76585  -10.66436
   4.76588  -10.66446
   4.76590  -10.66456
   4.76605  -10.66517
   4.76607  -10.66570
   4.81851  -10.87616
   4.81854  -10.87533
   4.86813  -11.07166
   4.86815  -11.07323
   4.86818  -11.07334
   4.86821  -11.07344
   4.86835  -11.07395
   4.86838  -11.06612
   4.91512  -11.26502
   4.91515  -11.26195
   4.95948  -11.43887
   4.95951  -11.43840
   4.95967  -11.43909
   4.95970  -11.43919
   4.95972  -11.43930
   4.95987  -11.43990
   4.95990  -11.44086
   5.00205  -11.60380
   5.00208  -11.60900
   5.04202  -11.76892
   5.04204  -11.76857
   5.04246  -11.77023
   5.04248  -11.77033
   5.04251  -11.77045
   5.04265  -11.77103
   5.04268  -11.77081
   5.08107  -11.92425
   5.08109  -11.92094
   5.11760  -12.06855
   5.11763  -12.07069
   5.11803  -12.07235
   5.11806  -12.07245
   5.11809  -12.07256
   5.11823  -12.07310
   5.11826  -12.06719
   5.15349  -12.21656
   5.15352  -12.21401
   5.18723  -12.34881
   5.18726  -12.34834
   5.18756  -12.34954
   5.18759  -12.34964
   5.18761  -12.34976
   5.18776  -12.35032
   5.18778  -12.35177
   5.25121  -12.60262
   5.25124  -12.60360
   5.25196  -12.60722
   5.25199  -12.60725
   5.25213  -12.60776
   5.25215  -12.60855
   5.31178  -12.84551
   5.31181  -12.84632
   5.31189  -12.84664
   5.31191  -12.84674
   5.31205  -12.84728
   5.31208  -12.84843
   5.36811  -13.06886
   5.36813  -13.07083
   5.42077  -13.28128
   5.42079  -13.28029
   5.47041  -13.47466
   5.47044  -13.47774
   5.51738  -13.66582
   5.51740  -13.66441
   5.56193  -13.83960
   5.56196  -13.84259
   5.60431  -14.00343
   5.60433  -14.00901
   5.64471  -14.16526
   5.64474  -14.19752
   6.10722  -16.12117
   6.32608  -16.68332
   6.57934  -17.48128
   6.85437  -18.26257
   7.14179  -19.01296
   7.43585  -19.77504
   7.73335  -20.58128
   8.03261  -21.41685
   8.33274  -22.26443
   8.63333  -23.27944
   8.93414 -100.00000
