 0.6915830     -164.0315    
 0.6916091     -164.0314    
 0.6950408     -164.0379    
 0.6950669    -100.00000    
 0.6981765     -163.2754    
 0.6982026     -163.2020    
 0.6989700    -100.00000    
 0.7265526    -100.00000    
 0.7524875     -148.9871    
 0.7525136     -148.5462    
 0.7562684     -147.8773    
 0.7562944    -100.00000    
 0.7903624    -100.00000    
 0.8219512     -132.8729    
 0.8219773     -132.3847    
 0.8256871     -131.7784    
 0.8257132     -131.7697    
 0.8270964     -131.4738    
 0.8271225     -131.4842    
 0.8287464     -131.1179    
 0.8287724    -100.00000    
 0.8615415    -100.00000    
 0.8920105    -100.00000    
 0.9204814    -100.00000    
 0.9472000     -110.4544    
 0.9472261    -100.00000    
 0.9610684     -108.3032    
 0.9610945    -100.00000    
 0.9737423     -106.6382    
 0.9737684     -106.4873    
 0.9757254     -106.3469    
 0.9757515    -100.00000    
 0.9780505     -105.6395    
 0.9780766    -100.00000    
  1.002006    -100.00000    
  1.024685    -100.00000    
  1.066772    -100.00000    
  1.105139    -100.00000    
  1.140390    -100.00000    
  1.172993    -100.00000    
  1.203318    -100.00000    
  1.231664    -100.00000    
  1.258272     -80.73474    
  1.258298    -100.00000    
  1.281083     -79.35102    
  1.281109    -100.00000    
  1.305160     -75.65600    
  1.305186    -100.00000    
  1.326915     -63.64303    
  1.326941    -100.00000    
  1.346694     -62.14422    
  1.346720     -62.29829    
  1.362546     -61.52536    
  1.362572    -100.00000    
  1.390897     -60.52322    
  1.390924    -100.00000    
  1.416635     -58.74008    
  1.416661    -100.00000    
  1.443021     -55.92374    
  1.443047     -56.31117    
  1.465962     -55.11142    
  1.465988     -55.27882    
  1.485873     -54.45021    
  1.485899     -54.48260    
  1.499967     -53.99136    
  1.499993    -100.00000    
  1.524019     -50.71581    
  1.546785     -50.41939    
  1.546812    -100.00000    
  1.576132     -42.76749    
  1.576158     -43.38783    
  1.604777     -41.95820    
  1.604803    -100.00000    
  1.629435     -27.63823    
  1.629461     -28.68908    
  1.655483    -100.00000    
  1.680033    -100.00000    
  1.703270    -100.00000    
  1.725326     -33.42164    
  1.725352     -33.31504    
  1.731789     -32.79768    
  1.731815    -100.00000    
  1.759985    -100.00000    
  1.786439     -28.94029    
  1.786465    -100.00000    
  1.816267    -100.00000    
  1.844155     -25.22659    
  1.844181    -100.00000    
  1.873455     -23.55164    
  1.873481    -100.00000    
  1.905852     -21.85981    
  1.905878     -21.71654    
  1.913985     -21.28663    
  1.914011     -21.43841    
  1.926739     -20.69821    
  1.926765     -20.65000    
  1.927492     -20.61580    
  1.927518    -100.00000    
  1.953099     -19.57597    
  1.953125    -100.00000    
  1.992547     -18.01766    
  1.992573     -17.83172    
  1.994242     -17.76518    
  1.994268     -17.76533    
  1.996583     -17.67629    
  1.996609     -17.67431    
  1.997969     -17.62224    
  1.997995     -17.66071    
  2.007452     -17.28437    
  2.007478     -17.31732    
  2.018315     -16.89089    
  2.018341     -16.85155    
  2.028139     -16.53284    
  2.028165     -16.64341    
  2.036834     -16.32486    
  2.036860     -16.70803    
  2.054806     -15.58223    
  2.054832     -15.47751    
  2.061074     -15.27584    
  2.061100     -15.81692    
  2.077560     -14.75514    
  2.077586     -14.69193    
  2.096009     -14.32596    
  2.096035     -14.93468    
  2.097335     -14.12697    
  2.097361     -14.12450    
  2.101549     -13.93078    
  2.101575     -13.95561    
  2.102614     -13.97663    
  2.102640     -13.96495    
  2.105856     -13.87632    
  2.105882     -13.87224    
  2.106131     -13.86399    
  2.106157     -13.86327    
  2.111538     -13.70666    
  2.111564     -13.70486    
  2.111972     -13.69031    
  2.111998     -13.63493    
  2.119253     -13.68196    
  2.119279     -13.64816    
  2.124259     -13.49795    
  2.124285     -13.49651    
  2.127003     -13.46283    
  2.127029     -13.49106    
  2.127689     -13.44578    
  2.127715     -13.34245    
  2.137516     -13.50209    
  2.137543     -13.20727    
  2.138167     -13.21826    
  2.138193     -13.11147    
  2.149401     -13.22060    
  2.149427     -12.95889    
  2.150323     -12.99799    
  2.150349     -12.98817    
  2.150451     -12.98310    
  2.150478     -12.95436    
  2.156771     -12.70259    
  2.156797     -12.70083    
  2.158990     -12.66364    
  2.159016     -12.69125    
  2.168085     -12.54730    
  2.168111     -12.46588    
  2.177634     -12.19766    
  2.177660     -12.16247    
  2.181761     -12.09289    
  2.181787     -12.25317    
  2.188475     -11.88393    
  2.188501     -11.99950    
  2.202392     -11.62355    
  2.202418     -11.51433    
  2.204200     -11.45873    
  2.204226     -11.42769    
  2.209967     -11.32660    
  2.209993     -11.26410    
  2.217868     -10.59967    
  2.217894     -10.73863    
  2.217973     -10.73859    
  2.217999     -10.73993    
  2.218346     -10.71328    
  2.218372     -10.70701    
  2.218718     -10.69733    
  2.218745     -10.78944    
  2.225651     -10.63697    
  2.232450     -12.04120    
  2.232476     -11.23738    
  2.234725     -10.56339    
  2.234751     -10.70901    
  2.239647     -10.83421    
  2.239673     -10.30184    
  2.242461     -10.64210    
  2.242487     -10.54997    
  2.243634     -10.43708    
  2.243660     -10.46718    
  2.245376     -10.41154    
  2.245402     -10.35641    
  2.250751     -10.66714    
  2.250777     -10.64086    
  2.253726     -10.18482    
  2.253752     -10.04230    
  2.257114     -10.55037    
  2.260450     -11.71859    
  2.263761     -10.31652    
  2.267047     -9.876416    
  2.267073     -9.863132    
  2.270520     -9.768873    
  2.270546     -9.643153    
  2.271659     -9.860641    
  2.271685     -9.809258    
  2.271838     -9.824509    
  2.271864     -10.00168    
  2.273764    -100.00000    
  2.273790     -10.68199    
  2.275848     -9.987085    
  2.275875     -9.994117    
  2.278055     -9.433627    
  2.278081     -9.492886    
  2.280272     -9.621294    
  2.280298     -9.681572    
  2.283835     -9.781047    
  2.283861     -9.722117    
  2.285263     -9.676284    
  2.285289     -9.657646    
  2.286319     -9.604005    
  2.286345     -9.593439    
  2.286816     -9.597682    
  2.286843     -9.812513    
  2.289444     -9.609683    
  2.292031     -9.115194    
  2.294602     -11.00131    
  2.297158     -10.01881    
  2.297184     -9.978685    
  2.298013     -9.527497    
  2.298039     -9.354280    
  2.299510     -9.319822    
  2.299536     -9.624524    
  2.301188     -9.147481    
  2.302835     -9.262906    
  2.304475     -8.893618    
  2.306109     -9.391556    
  2.306135     -9.560815    
  2.307390     -9.328426    
  2.308642     -9.859799    
  2.308668     -9.776167    
  2.310145     -9.505225    
  2.311618     -9.024816    
  2.313085     -9.144593    
  2.314548     -9.088757    
  2.314574     -8.941298    
  2.315022     -9.235259    
  2.315048     -9.260668    
  2.315628     -9.238831    
  2.315654     -9.021770    
  2.316640     -9.818128    
  2.317624     -9.775237    
  2.317650     -9.768328    
  2.318472     -9.525283    
  2.318499     -9.507238    
  2.319125     -9.403764    
  2.319151     -9.417307    
  2.320138     -9.058805    
  2.321123     -8.839743    
  2.322105     -9.075658    
  2.323085     -9.338425    
  2.323111     -9.363468    
  2.324238     -9.087998    
  2.324264     -8.996780    
  2.325142     -8.857327    
  2.326019     -8.754341    
  2.326894     -9.073982    
  2.327767     -8.974584    
  2.327793     -8.922188    
  2.328784     -8.849882    
  2.329773     -8.874650    
  2.330760     -9.534272    
  2.331745     -9.618921    
  2.331771     -9.616221    
  2.332451     -9.398855    
  2.333131     -9.188254    
  2.333157     -9.193691    
  2.333940     -8.915545    
  2.334721     -8.647455    
  2.334747     -8.615496    
  2.335758     -8.564491    
  2.336767     -9.012624    
  2.337773     -8.732644    
  2.338777     -8.611100    
  2.338803     -8.698330    
  2.339391     -8.805361    
  2.339977     -8.780201    
  2.340563     -8.779723    
  2.341149     -8.762337    
  2.341175     -8.760994    
  2.341313     -8.757728    
  2.341339     -8.755843    
  2.341416     -8.753500    
  2.341442     -8.753061    
  2.341995     -8.727718    
  2.342548     -8.722416    
  2.342574     -8.729412    
  2.343152     -8.744123    
  2.343730     -8.713686    
  2.344307     -8.708403    
  2.344884     -8.688438    
  2.344910     -8.679781    
  2.345914     -8.657520    
  2.346415     -8.685462    
  2.346916     -8.708281    
  2.347416     -8.677295    
  2.347915     -9.021003    
  2.348414     -9.132240    
  2.348912     -8.847766    
  2.348938     -8.828943    
  2.349663     -8.598647    
  2.350387     -8.629423    
  2.350413     -8.624971    
  2.351174     -8.615588    
  2.351935     -8.558525    
  2.352694     -8.484824    
  2.353452     -8.461132    
  2.353478     -8.455810    
  2.354014     -8.470780    
  2.354040     -8.475833    
  2.354826     -8.443088    
  2.355610     -8.421010    
  2.356393     -8.418142    
  2.357175     -8.311498    
  2.357201     -8.303880    
  2.357613     -8.243603    
  2.357639     -8.197333    
  2.360689     -8.358120    
  2.360715     -8.232613    
  2.361482     -8.230584    
  2.361508     -8.286685    
  2.370561     -8.243886    
  2.370587     -8.478081    
  2.372143     -7.840863    
  2.372169     -7.806634    
  2.373576     -7.595349    
  2.373602     -7.493707    
  2.376732     -8.886425    
  2.376758     -8.562838    
  2.381432     -7.755462    
  2.381458     -7.601885    
  2.381604     -7.549342    
  2.381630     -7.544559    
  2.382020     -7.304079    
  2.382046     -7.051218    
  2.384696     -7.421771    
  2.384723     -7.167477    
  2.387156    -100.00000    
  2.387182     -7.928201    
  2.387250     -7.875496    
  2.387276     -7.393107    
  2.397757     -7.455504    
  2.397783     -7.116834    
  2.403737     -6.843869    
  2.403763     -6.940944    
  2.405849     -6.865715    
  2.405875     -6.817529    
  2.406950     -6.834833    
  2.406976     -6.785711    
  2.409375     -7.988910    
  2.409401     -8.616281    
  2.409997     -8.232105    
  2.410023    -100.00000    
  2.411532     -7.015733    
  2.411558     -6.899103    
  2.413129     -6.726500    
  2.413155     -6.733136    
  2.414139     -6.511840    
  2.414165     -6.599933    
  2.414800     -6.598439    
  2.414826     -6.547277    
  2.417258     -6.602446    
  2.417284     -6.625844    
  2.417479     -6.679408    
  2.417505     -6.705524    
  2.419934     -6.990925    
  2.419960     -6.522359    
  2.429044     -6.082614    
  2.429070     -5.951332    
  2.429812     -6.965996    
  2.429838     -6.548654    
  2.429941     -6.505381    
  2.429968     -6.141510    
  2.433545     -5.973302    
  2.433571     -6.648460    
  2.434793     -6.173211    
  2.434819     -6.237200    
  2.435600     -6.138983    
  2.435626     -6.085765    
  2.438130    -100.00000    
  2.438156    -100.00000    
  2.438775     -6.098136    
  2.438801     -5.998655    
  2.441117     -5.837327    
  2.441143     -5.981909    
  2.441622     -6.192664    
  2.441648     -5.857078    
  2.443145     -6.067709    
  2.443172     -6.140894    
  2.446855     -6.168801    
  2.446881    -100.00000    
  2.448077     -6.864386    
  2.448103     -6.876367    
  2.449403     -6.396455    
  2.449429     -6.045065    
  2.454802     -5.770317    
  2.454828     -6.098807    
  2.455220     -6.052311    
  2.455246     -6.039439    
  2.455715     -6.016801    
  2.455741     -6.037787    
  2.456057     -5.873773    
  2.456083     -5.673643    
  2.457136     -5.641328    
  2.457162     -5.635487    
  2.460232     -5.701668    
  2.460258     -5.878135    
  2.460625     -6.082289    
  2.460651     -6.154544    
  2.461200     -6.012059    
  2.461226     -5.956702    
  2.461623     -5.804249    
  2.461649     -5.615472    
  2.465081     -5.728586    
  2.465107     -5.781571    
  2.466316     -6.116315    
  2.466342     -6.206568    
  2.467007     -5.944700    
  2.467033     -6.175231    
  2.469850     -6.002224    
  2.469876     -5.891099    
  2.470870     -6.033898    
  2.470896     -5.971868    
  2.471160     -5.998612    
  2.471186     -6.012694    
  2.471286     -6.044793    
  2.471312     -6.056244    
  2.471592     -6.146721    
  2.471618     -6.151141    
  2.471859     -6.173401    
  2.471885     -6.035439    
  2.473938     -5.942933    
  2.473964     -6.071667    
  2.476473     -5.482182    
  2.476499     -5.445635    
  2.476658     -5.473042    
  2.476684     -5.479961    
  2.477008     -5.695655    
  2.477034    -100.00000    
  2.479576     -5.378099    
  2.479602     -5.399819    
  2.483495     -6.435762    
  2.483521     -6.471817    
  2.483855     -6.224299    
  2.483881     -6.218787    
  2.484161     -6.090413    
  2.484187     -6.080408    
  2.484225     -6.063073    
  2.484298     -6.032188    
  2.484324     -6.024395    
  2.484548     -5.934193    
  2.484574     -6.107021    
  2.487068     -5.363672    
  2.487094     -5.389523    
  2.490987     -5.096628    
  2.491013     -5.202383    
  2.491430     -5.146132    
  2.491456     -5.509400    
  2.493829     -5.612937    
  2.493855     -5.666064    
  2.494479     -5.595530    
  2.494505     -5.945484    
  2.496138    -100.00000    
  2.496164     -6.253612    
  2.497264     -5.871908    
  2.497290     -5.883179    
  2.497709     -5.788120    
  2.497735     -5.758112    
  2.498054     -5.605764    
  2.498080     -5.561787    
  2.501933     -5.151948    
  2.501959     -5.462949    
  2.503950     -5.259652    
  2.503976     -5.239045    
  2.504100     -5.299521    
  2.504126     -5.349437    
  2.506222     -5.354825    
  2.506248     -5.145347    
  2.506887     -5.073540    
  2.506913     -5.087604    
  2.507076     -5.087156    
  2.507102     -5.085514    
  2.507234     -5.080591    
  2.507260     -5.189107    
  2.508936     -6.083362    
  2.508962     -5.390823    
  2.509000     -5.347046    
  2.509026     -5.160375    
  2.509852     -4.974888    
  2.509878     -5.205009    
  2.510053     -5.310338    
  2.510079     -5.286514    
  2.511786     -5.934489    
  2.511813     -5.485964    
  2.512377     -5.084239    
  2.512404     -5.126830    
  2.514206     -5.278835    
  2.514232     -5.173261    
  2.515517     -5.199290    
  2.515543     -5.269039    
  2.515749     -5.316290    
  2.515775     -5.318295    
  2.515839     -5.324853    
  2.515866     -5.326023    
  2.515902     -5.326728    
  2.515928     -5.308342    
  2.516736     -5.362257    
  2.516763     -5.344289    
  2.516973     -5.245257    
  2.516999     -5.202348    
  2.517971     -4.805381    
  2.517997     -4.907267    
  2.518475     -5.450803    
  2.518501     -5.517143    
  2.519371     -5.498117    
  2.519397     -5.156618    
  2.523458     -5.294103    
  2.523485     -5.007580    
  2.526015     -5.306277    
  2.528531     -5.338247    
  2.528557     -5.423038    
  2.532645     -5.190278    
  2.532671     -5.547003    
  2.533864     -5.189674    
  2.533890     -5.198072    
  2.536637     -5.231664    
  2.539367     -5.199831    
  2.539394     -5.362573    
  2.542501     -5.344234    
  2.542527     -6.403091    
  2.544716     -5.020062    
  2.544742     -5.471561    
  2.546838     -5.728719    
  2.546864     -5.584772    
  2.547359     -5.472074    
  2.547385     -5.441852    
  2.547467     -5.404118    
  2.547493     -5.397468    
  2.551148     -5.248534    
  2.551174     -5.129213    
  2.551788     -5.377244    
  2.551814     -5.327002    
  2.555525     -5.285684    
  2.555551     -5.207100    
  2.558413     -5.300876    
  2.558439     -5.329758    
  2.558900     -5.324484    
  2.558926     -5.240792    
  2.562365     -5.064201    
  2.562391     -5.130037    
  2.562708     -5.355682    
  2.562735     -5.801416    
  2.565530     -5.144006    
  2.568307     -5.478216    
  2.568333     -5.314610    
  2.568399     -5.211556    
  2.568425     -5.179376    
  2.568740     -4.825523    
  2.568765     -4.801936    
  2.568792     -5.005046    
  2.571346     -5.177159    
  2.571372     -5.058277    
  2.571520     -5.057130    
  2.571546     -5.038431    
  2.573817     -5.060657    
  2.576076     -4.766453    
  2.576102     -6.015065    
  2.579478     -4.944824    
  2.582828     -5.596741    
  2.582854     -5.163554    
  2.584966     -5.043908    
  2.584992     -5.813453    
  2.586240     -5.854889    
  2.586266     -5.433852    
  2.588283     -5.116623    
  2.588309     -5.497359    
  2.589445     -5.428679    
  2.589471     -5.481065    
  2.590629     -5.682695    
  2.590655     -5.582351    
  2.592847     -5.207942    
  2.595028     -5.431017    
  2.595054     -5.749547    
  2.596291     -4.615345    
  2.596317     -4.928343    
  2.596347     -5.080899    
  2.597676    -100.00000    
  2.597703     -5.487418    
  2.599443     -5.186905    
  2.599469     -4.938517    
  2.600950     -5.672360    
  2.600976     -5.239293    
  2.603363     -5.157443    
  2.603390     -4.732280    
  2.606269     -5.203486    
  2.606295     -5.327900    
  2.606355     -5.311503    
  2.606381     -5.275046    
  2.607088     -5.175624    
  2.607114     -5.203963    
  2.607268     -5.240757    
  2.607294     -5.252029    
  2.607422     -5.301379    
  2.607448     -5.314855    
  2.607583     -5.340020    
  2.607610     -5.279483    
  2.608822     -5.017255    
  2.608848     -5.170792    
  2.611614     -4.827202    
  2.614363     -4.990581    
  2.614389     -5.147161    
  2.617047     -4.969340    
  2.619690     -4.809986    
  2.619716     -4.865221    
  2.620810     -4.943425    
  2.620836     -4.815154    
  2.620889     -4.782922    
  2.620915     -4.718185    
  2.621993     -4.581983    
  2.622019     -4.796613    
  2.625501     -5.666599    
  2.625527     -4.872427    
  2.626327     -4.540214    
  2.626353     -4.857703    
  2.627054     -4.977557    
  2.627080     -5.007397    
  2.630159     -4.772734    
  2.633217     -4.951077    
  2.633243     -4.793801    
  2.633616     -4.774134    
  2.633642     -4.922088    
  2.634860     -5.149636    
  2.634886     -5.285614    
  2.637264     -4.926345    
  2.637290     -4.790700    
  2.640667     -4.738478    
  2.640693     -4.810758    
  2.642655     -5.180974    
  2.644608     -4.708890    
  2.644634     -4.843969    
  2.645884     -4.767371    
  2.645910     -4.716228    
  2.646467     -4.693665    
  2.646493     -4.767490    
  2.646793     -5.055320    
  2.646819     -5.196332    
  2.648509     -4.613556    
  2.648535     -4.656436    
  2.648569     -4.621563    
  2.650611     -4.617235    
  2.650637     -4.537245    
  2.652053     -4.694677    
  2.652079     -4.728146    
  2.652535     -4.726243    
  2.652561     -4.718137    
  2.653789     -4.871033    
  2.653815     -4.845532    
  2.654544     -4.791835    
  2.654570     -4.823894    
  2.655879     -4.719555    
  2.655905     -4.712433    
  2.656887     -4.576191    
  2.656913     -4.640361    
  2.656969     -4.655668    
  2.656995     -4.667891    
  2.657324     -4.743861    
  2.657350     -4.740267    
  2.657529     -4.734405    
  2.657556     -4.703643    
  2.658514     -4.772320    
  2.658540     -4.701415    
  2.659819     -4.889174    
  2.659845     -4.813004    
  2.661662     -4.543453    
  2.661688     -4.670037    
  2.661741     -4.684282    
  2.661767     -4.726433    
  2.662869     -4.670668    
  2.662895     -4.622778    
  2.662923     -4.610200    
  2.663217     -4.594923    
  2.663243     -4.632551    
  2.664942     -4.865563    
  2.664968     -4.984436    
  2.666637     -4.854322    
  2.668300     -4.553210    
  2.668327     -4.570685    
  2.669554     -4.559599    
  2.670779     -4.658689    
  2.670805     -4.704261    
  2.672474     -4.593258    
  2.674136     -4.629507    
  2.674162     -4.660198    
  2.675402     -4.758524    
  2.675428     -4.796407    
  2.676854     -4.781317    
  2.676880     -4.703050    
  2.677782     -4.763902    
  2.677808     -4.775334    
  2.679265     -4.633905    
  2.680718     -4.611288    
  2.682165     -4.577847    
  2.683608     -4.610080    
  2.683634     -4.607001    
  2.684647     -4.648377    
  2.685650     -4.691937    
  2.685677     -4.685245    
  2.685745     -4.675473    
  2.685771     -4.671854    
  2.686018     -4.617591    
  2.686044     -4.597703    
  2.686551     -4.592987    
  2.686577     -4.653493    
  2.687604     -4.695675    
  2.688629     -4.624647    
  2.688655     -4.616428    
  2.689773     -4.632225    
  2.690888     -4.711012    
  2.690914     -4.707998    
  2.690957     -4.706039    
  2.690983     -4.703272    
  2.692104     -4.654006    
  2.692663     -4.713011    
  2.693221     -4.730609    
  2.693247     -4.695854    
  2.693930     -4.644824    
  2.694611     -4.652933    
  2.695292     -4.563623    
  2.695971     -4.581045    
  2.696650     -4.632337    
  2.697327     -4.659926    
  2.698003     -4.650234    
  2.698678     -4.594881    
  2.698704     -4.618456    
  2.698747     -4.626091    
  2.698773     -4.639999    
  2.699173     -4.684365    
  2.699199     -4.660454    
  2.699707     -4.609138    
  2.700214     -4.661681    
  2.700240     -4.648349    
  2.700517     -4.622693    
  2.700543     -4.621941    
  2.700562     -4.621026    
  2.700588     -4.614427    
  2.701102     -4.643421    
  2.701616     -4.638217    
  2.702128     -4.684827    
  2.702641     -4.676863    
  2.702667     -4.731250    
  2.704263     -4.588332    
  2.704289     -4.586291    
  2.704778     -4.594891    
  2.704804     -4.592753    
  2.705149     -4.661031    
  2.705176     -4.681074    
  2.706354     -5.076534    
  2.706380     -4.759852    
  2.707338     -4.538031    
  2.707364     -4.637035    
  2.708243     -4.700623    
  2.708265     -4.686205    
  2.708291     -4.686285    
  2.708382     -4.683396    
  2.708408     -4.663995    
  2.709302     -4.677626    
  2.709328     -4.723857    
  2.710066     -4.706609    
  2.710092     -4.818283    
  2.712261     -4.571313    
  2.712287     -4.612784    
  2.716426     -4.569421    
  2.716452     -4.601667    
  2.716512     -4.604989    
  2.716538     -4.672994    
  2.718970     -4.696231    
  2.721389     -4.640276    
  2.721415     -4.625410    
  2.721822     -4.646306    
  2.721848     -4.635306    
  2.724988     -4.610910    
  2.725014     -4.728702    
  2.725160     -4.801979    
  2.725186     -4.817535    
  2.725284     -4.876260    
  2.725310     -4.926498    
  2.725772     -5.016785    
  2.725798     -4.836935    
  2.727554     -4.608099    
  2.727580     -4.719072    
  2.728176     -4.846938    
  2.728202     -4.867847    
  2.728398     -4.903288    
  2.728424     -4.901541    
  2.728587     -4.869032    
  2.728613     -4.794113    
  2.730067     -4.655437    
  2.730093     -4.680268    
  2.733184     -4.705404    
  2.733210     -4.787279    
  2.734192     -4.734150    
  2.734218     -4.916138    
  2.735929     -4.923293    
  2.735955     -4.770930    
  2.736022     -4.743364    
  2.736048     -4.711542    
  2.737089     -4.778320    
  2.737115     -4.734836    
  2.738198     -4.779236    
  2.738224     -4.772302    
  2.738774     -4.822156    
  2.738800     -4.812422    
  2.740331     -4.740323    
  2.740357     -4.733947    
  2.742489     -4.768647    
  2.742515     -4.770909    
  2.742845     -4.796265    
  2.742871     -5.127066    
  2.746971     -5.303026    
  2.746997     -5.163416    
  2.749427     -4.466316    
  2.751831     -4.642314    
  2.751857     -4.621709    
  2.752111     -4.628784    
  2.752137     -4.631053    
  2.753459     -4.564635    
  2.753485     -4.595642    
  2.754539     -4.665645    
  2.754566     -4.626997    
  2.754881     -4.640564    
  2.754907     -4.658409    
  2.755529     -4.614547    
  2.755555     -4.641208    
  2.758504     -4.770164    
  2.758531     -4.727291    
  2.759057     -4.715725    
  2.759083     -4.698774    
  2.759298     -4.663656    
  2.759324     -4.648141    
  2.759941     -4.697788    
  2.759967     -4.723923    
  2.760777     -4.663744    
  2.760803     -4.621676    
  2.762338     -4.635118    
  2.762364     -4.679053    
  2.763494     -4.684538    
  2.763520     -4.833202    
  2.764607     -4.650655    
  2.764634     -4.637294    
  2.764790     -4.647758    
  2.764816     -4.652887    
  2.765431     -4.687719    
  2.765457     -4.697780    
  2.765786     -4.723551    
  2.765812     -4.702215    
  2.766720     -4.651477    
  2.766746     -4.675956    
  2.767599     -4.757499    
  2.767625     -4.797896    
  2.768816     -4.669484    
  2.768842     -4.677530    
  2.768873     -4.678572    
  2.768899     -4.678533    
  2.769246     -4.699135    
  2.769273     -4.690824    
  2.770825     -4.761825    
  2.770851     -4.846501    
  2.772571     -4.736656    
  2.772597     -4.700571    
  2.775871     -4.658573    
  2.775898     -4.709552    
  2.777571     -4.649537    
  2.777597     -4.710180    
  2.781452     -4.796903    
  2.781478     -4.847004    
  2.783779     -4.710428    
  2.783805     -4.692624    
  2.786347    -100.00000    
  2.786373     -5.550989    
  2.787394     -5.040773    
  2.787420     -4.981963    
  2.789379     -4.599651    
  2.789405     -4.556986    
  2.792084     -4.545726    
  2.792110     -4.674048    
  2.795992     -4.691664    
  2.796018     -4.620502    
  2.799330     -5.614086    
  2.799356     -5.426865    
  2.799768     -5.553544    
  2.799795     -5.658480    
  2.800685     -5.440784    
  2.800711     -5.454203    
  2.802982     -4.645291    
  2.803008     -4.555608    
  2.805911     -4.485785    
  2.808794     -4.655266    
  2.811659     -4.651534    
  2.814504     -4.614636    
  2.814531     -4.719839    
  2.815805     -4.658506    
  2.815831     -4.664494    
  2.816461     -4.680222    
  2.816487     -4.677616    
  2.817048     -4.657034    
  2.817074     -4.675463    
  2.818601     -4.664032    
  2.818627     -4.647142    
  2.822346     -4.713965    
  2.826033     -4.762649    
  2.826059     -4.588015    
  2.829643     -4.737557    
  2.829669     -4.702372    
  2.833025     -4.663124    
  2.833051     -4.671338    
  2.836279     -4.671165    
  2.836305     -4.683117    
  2.836473     -4.689575    
  2.836499     -4.692722    
  2.839407     -4.676834    
  2.839433     -4.666782    
  2.840448     -4.733832    
  2.840474     -4.744778    
  2.844142     -4.673025    
  2.844168     -4.720645    
  2.844752     -4.676638    
  2.844778     -4.675006    
  2.845644     -4.710426    
  2.845670     -4.715093    
  2.846022     -4.710828    
  2.846048     -4.707496    
  2.846084     -4.705866    
  2.846110     -4.703696    
  2.846350     -4.699687    
  2.846376     -4.699177    
  2.846960     -4.736963    
  2.846986     -5.013739    
  2.850315     -4.589408    
  2.850341     -4.669616    
  2.851138     -4.681290    
  2.851164     -4.689116    
  2.851303     -4.706322    
  2.851329     -4.708194    
  2.851635     -4.783452    
  2.851661     -4.991538    
  2.853000     -4.598903    
  2.853026     -4.552254    
  2.853688     -4.671982    
  2.853714     -4.663666    
  2.856751     -4.684936    
  2.856777     -4.681164    
  2.859747     -4.691315    
  2.859773     -4.699285    
  2.863227     -4.696944    
  2.863253     -4.693225    
  2.864041     -4.699800    
  2.864067     -4.700129    
  2.864202     -4.700202    
  2.864228     -4.695597    
  2.866992     -4.701791    
  2.867018     -4.697017    
  2.867101     -4.697534    
  2.867127     -4.703298    
  2.869323     -4.699110    
  2.871507     -4.702575    
  2.871533     -4.702568    
  2.871590     -4.702874    
  2.871617     -4.703076    
  2.871996     -4.704331    
  2.872022     -4.705080    
  2.874358     -4.706781    
  2.874384     -4.702329    
  2.876673     -4.729690    
  2.876699     -4.723257    
  2.877153     -4.704641    
  2.877179     -4.711926    
  2.880574     -4.777383    
  2.880600     -4.694006    
  2.882343     -4.752499    
  2.882369     -4.802641    
  2.882700     -4.939409    
  2.882726     -5.176058    
  2.885367    -100.00000    
  2.885393     -5.667511    
  2.886410     -4.993702    
  2.886436     -4.970119    
  2.886684     -4.893753    
  2.886711     -4.876815    
  2.887586     -4.709760    
  2.887612     -4.712717    
  2.888537     -4.716248    
  2.888563     -4.856942    
  2.889344     -4.436297    
  2.889370     -4.363008    
  2.891995     -4.835943    
  2.892021     -4.865092    
  2.893735     -4.809911    
  2.893761     -4.753207    
  2.894101     -4.672113    
  2.894127     -4.683225    
  2.895125     -4.783725    
  2.895151     -4.780893    
  2.895520     -4.844073    
  2.895547     -5.495864    
  2.896797    -100.00000    
  2.896824     -5.691620    
  2.897817    -100.00000    
  2.897843    -100.00000    
  2.900619     -4.811155    
  2.900645     -4.744581    
  2.901366     -4.616234    
  2.901392     -4.527951    
  2.905057     -4.585218    
  2.905083     -4.629610    
  2.905579     -4.661323    
  2.905605     -4.669315    
  2.907884     -4.728315    
  2.907910     -4.728447    
  2.908129     -4.741403    
  2.908155     -4.740106    
  2.908507     -4.812926    
  2.908533     -4.898269    
  2.909451     -4.814914    
  2.909477     -4.718032    
  2.910120     -4.697270    
  2.910146     -4.709977    
  2.913205     -4.748198    
  2.916242     -4.792333    
  2.916268     -4.766996    
  2.916557     -4.789859    
  2.916584     -4.789028    
  2.916815     -4.807754    
  2.916841     -4.818223    
  2.917202     -4.802653    
  2.917228     -4.767694    
  2.917946     -4.733496    
  2.917972     -4.710567    
  2.921796     -4.862673    
  2.921822     -4.851698    
  2.925060     -4.704364    
  2.925086     -4.740168    
  2.925714     -4.826324    
  2.925740     -4.848503    
  2.925879     -4.897036    
  2.925905     -4.907845    
  2.925971     -4.936712    
  2.925997     -5.166517    
  2.927585     -4.575438    
  2.927611     -4.672109    
  2.927702     -4.704438    
  2.927728     -4.717231    
  2.927981     -4.746776    
  2.928007     -4.739617    
  2.928701     -4.739012    
  2.928727     -4.741131    
  2.929157     -4.741965    
  2.929183     -4.741747    
  2.929555     -4.744029    
  2.929581     -4.744066    
  2.929997     -4.745763    
  2.930023     -4.746013    
  2.930276     -4.747406    
  2.930302     -4.747496    
  2.930635     -4.748574    
  2.930661     -4.748744    
  2.930674     -4.748810    
  2.930700     -4.748941    
  2.930993     -4.750619    
  2.931020     -4.750729    
  2.931455     -4.753162    
  2.931481     -4.751040    
  2.932685     -4.779933    
  2.932711     -4.797379    
  2.934676     -4.807018    
  2.934702     -4.789972    
  2.935383     -4.825474    
  2.935409     -4.871252    
  2.936838     -4.914264    
  2.936864     -4.868296    
  2.937442     -4.656155    
  2.937468     -4.657808    
  2.937555     -4.646399    
  2.937581     -4.670589    
  2.939148     -4.789534    
  2.939174     -4.760023    
  2.939362     -4.763281    
  2.939388     -4.763233    
  2.942758     -4.803491    
  2.942785     -4.773974    
  2.943789     -4.776360    
  2.943815     -4.780448    
  2.943844     -4.778700    
  2.944299     -4.794327    
  2.944325     -4.825243    
  2.945296     -4.832371    
  2.945322     -4.775205    
  2.946304     -4.781150    
  2.946330     -4.774187    
  2.946717     -4.779750    
  2.946743     -4.781580    
  2.946776     -4.782193    
  2.946802     -4.787582    
  2.950801     -4.782327    
  2.950827     -4.781593    
  2.951318     -4.782678    
  2.951344     -4.783895    
  2.951741     -4.788559    
  2.951767     -4.787969    
  2.952632     -4.784525    
  2.952658     -4.785378    
  2.953349     -4.786458    
  2.953375     -4.787526    
  2.953780     -4.788197    
  2.953806     -4.788071    
  2.954021     -4.788400    
  2.954047     -4.788493    
  2.954374     -4.788769    
  2.954391     -4.788748    
  2.954417     -4.788759    
  2.954846     -4.788958    
  2.954872     -4.788972    
  2.955769     -4.790606    
  2.955795     -4.790380    
  2.956192     -4.791416    
  2.956218     -4.791668    
  2.956377     -4.793050    
  2.956403     -4.792429    
  2.956852     -4.804667    
  2.956878     -4.814179    
  2.957651     -4.808337    
  2.957677     -4.798795    
  2.957733     -4.795679    
  2.957759     -4.789889    
  2.958652     -4.794964    
  2.958678     -4.792364    
  2.958733     -4.791904    
  2.958753     -4.791824    
  2.958779     -4.791341    
  2.959227     -4.796292    
  2.959253     -4.795978    
  2.959299     -4.795933    
  2.959325     -4.795842    
  2.959550     -4.794995    
  2.959576     -4.795053    
  2.959605     -4.795070    
  2.959622     -4.795093    
  2.959648     -4.795147    
  2.959673     -4.795219    
  2.959699     -4.795305    
  2.959869     -4.796054    
  2.959895     -4.796143    
  2.959946     -4.796294    
  2.959972     -4.795853    
  2.960724     -4.799201    
  2.960751     -4.799811    
  2.961052     -4.799545    
  2.961078     -4.799212    
  2.961152     -4.798743    
  2.961178     -4.799792    
  2.963811     -4.792929    
  2.963837     -4.731596    
  2.965349     -4.374414    
  2.965375     -4.566325    
  2.965604     -4.715670    
  2.965631     -4.895534    
  2.969258     -4.817962    
  2.969284     -4.636537    
  2.969806     -4.653854    
  2.969832     -4.401024    
  2.973371     -4.429089    
  2.973397     -4.515340    
  2.975759     -4.380826    
  2.975785     -4.403828    
  2.976196     -4.479492    
  2.976222     -4.534353    
  2.978818     -4.427643    
  2.981393     -4.420048    
  2.981419     -4.476376    
  2.981911     -4.608980    
  2.981937     -4.652253    
  2.982453     -4.685546    
  2.982479     -4.644628    
  2.982902     -4.481709    
  2.982928     -4.422757    
  2.985851     -4.491255    
  2.988755     -4.443799    
  2.991639     -4.506147    
  2.994504     -4.546375    
  2.997351     -4.498345    
  3.000178     -4.577047    
  3.002988     -4.528737    
  3.005779     -4.532387    
  3.005806     -4.539424    
  3.006660     -4.492545    
  3.006686     -4.532596    
  3.007985     -4.542126    
  3.008011     -4.514115    
  3.008377     -4.525656    
  3.008403     -4.529112    
  3.008422     -4.530268    
  3.008449     -4.539750    
  3.012132     -4.501849    
  3.015785     -4.570392    
  3.019407     -4.521005    
  3.022999     -4.510996    
  3.023025     -4.512651    
  3.024692     -4.506249    
  3.024718     -4.524630    
  3.027002     -4.511297    
  3.027028     -4.510733    
  3.028469     -4.508031    
  3.028496     -4.511878    
  3.028525     -4.512373    
  3.028551     -4.515066    
  3.030734     -4.511996    
  3.032906     -4.606046    
  3.032932     -4.591444    
  3.037051     -4.534629    
  3.041131     -4.585282    
  3.041157     -4.548753    
  3.041192     -4.549146    
  3.041218     -4.547433    
  3.041743     -4.541704    
  3.041769     -4.545929    
  3.044049     -4.577452    
  3.044075     -4.562924    
  3.046448     -4.602732    
  3.046474     -4.560382    
  3.047296     -4.568603    
  3.047322     -4.619681    
  3.051393     -4.594945    
  3.051419     -4.545314    
  3.053164     -4.729215    
  3.053190     -4.591105    
  3.056650     -4.646953    
  3.056676     -4.815626    
  3.057784     -4.554191    
  3.057810     -4.589976    
  3.060993     -4.604101    
  3.064153     -4.611568    
  3.064179     -4.605868    
  3.067832     -4.636467    
  3.067858     -4.636483    
  3.071967     -4.642702    
  3.071993     -4.692565    
  3.074546     -4.639119    
  3.074572     -4.725208    
  3.077401     -4.667563    
  3.080211     -4.658608    
  3.083004     -4.696844    
  3.085779     -4.700852    
  3.085805     -4.729698    
  3.088194     -4.684592    
  3.088220     -4.667193    
  3.089253     -4.860812    
  3.089279     -4.791466    
  3.091880     -4.645671    
  3.091906     -4.691120    
  3.092972     -4.694491    
  3.092998     -4.695329    
  3.093275     -4.684043    
  3.093301     -4.665829    
  3.095382    -100.00000    
  3.095408     -5.573608    
  3.096210     -5.078185    
  3.096236     -5.053328    
  3.099421     -4.461050    
  3.099447     -4.546348    
  3.099999     -4.626690    
  3.100025     -4.646329    
  3.102791     -4.715805    
  3.105540     -4.725521    
  3.105566     -4.721013    
  3.108813     -4.746582    
  3.112036     -4.751670    
  3.112062     -4.747234    
  3.114717     -4.756561    
  3.114743     -4.752704    
  3.114932     -4.747029    
  3.114958     -4.743203    
  3.115849     -4.756402    
  3.115875     -4.760938    
  3.116210     -4.774407    
  3.116236     -4.774702    
  3.116288     -4.775835    
  3.116314     -4.777459    
  3.117008     -4.764678    
  3.117034     -4.784632    
  3.117770     -4.791537    
  3.117796     -4.769355    
  3.118254     -4.760580    
  3.118280     -4.764657    
  3.118920     -4.762753    
  3.118946     -4.754090    
  3.121185     -4.790185    
  3.123412     -4.792178    
  3.123438     -4.825729    
  3.124647     -4.826309    
  3.124673     -4.816278    
  3.126028     -4.828452    
  3.126054     -4.818864    
  3.127717     -4.775692    
  3.127743     -4.794723    
  3.129255     -4.829113    
  3.129281     -4.763574    
  3.132456     -4.855650    
  3.135607     -4.803688    
  3.135633     -4.817306    
  3.136213     -4.827528    
  3.136239     -4.809064    
  3.139077     -4.885006    
  3.139103     -4.891234    
  3.141139     -4.991120    
  3.141166     -4.969442    
  3.143607     -4.741938    
  3.143633     -4.822704    
  3.144132     -4.852430    
  3.144158     -4.852532    
  3.144987     -4.818808    
  3.145013     -4.824150    
  3.146789     -4.932549    
  3.146815     -4.985652    
  3.146918     -4.988327    
  3.146944     -5.002114    
  3.147826     -4.779416    
  3.147852     -4.789857    
  3.148759     -4.865183    
  3.148785     -4.881065    
  3.149778     -5.002221    
  3.149804     -5.011442    
  3.150669     -4.801679    
  3.150696     -4.839142    
  3.151307     -4.858299    
  3.151333     -4.860507    
  3.152574     -4.874676    
  3.152600     -4.907411    
  3.153099     -4.969091    
  3.153125     -4.961329    
  3.153411     -4.949660    
  3.153437     -4.947652    
  3.153464     -4.946385    
  3.153490     -4.947714    
  3.155047     -4.818905    
  3.155073     -4.882322    
  3.156105     -4.912950    
  3.156131     -4.888448    
  3.159449     -4.920033    
  3.159475     -4.963863    
  3.159789     -4.958104    
  3.159815     -4.887876    
  3.164039     -4.915863    
  3.164065     -4.875750    
  3.164664     -4.908974    
  3.164690     -4.934554    
  3.166009     -4.949161    
  3.166035     -4.892403    
  3.168014     -4.969158    
  3.168040     -4.947716    
  3.171700     -4.931625    
  3.171726     -4.943469    
  3.173608     -4.934906    
  3.173634     -4.929398    
  3.174198     -4.941443    
  3.174224     -4.936503    
  3.178220     -4.931660    
  3.178246     -4.916292    
  3.179496     -4.947785    
  3.179523     -4.947710    
  3.180493     -4.937809    
  3.180519     -4.977935    
  3.181705     -5.027730    
  3.181731     -4.963899    
  3.181840     -4.947618    
  3.181866     -4.944779    
  3.181990     -4.938601    
  3.182017     -4.935772    
  3.184999     -4.939224    
  3.185025     -4.946958    
  3.186118     -4.957639    
  3.186144     -4.954032    
  3.187507     -4.953828    
  3.187524     -4.965518    
  3.187550     -4.974087    
  3.188369     -4.994743    
  3.188395     -4.974716    
  3.189386     -5.000174    
  3.189412     -4.914259    
  3.189917    -100.00000    
  3.189943     -8.497549    
  3.190993     -7.045083    
  3.191019     -6.840752    
  3.191149     -6.507239    
  3.191176     -6.761996    
  3.192254     -5.717411    
  3.192280     -5.773213    
  3.194916     -4.881050    
  3.194942     -4.831173    
  3.196947     -4.803677    
  3.196973     -4.872252    
  3.199833     -5.006040    
  3.199859     -5.006519    
  3.202175     -5.002567    
  3.202201     -5.043800    
  3.203193     -5.013426    
  3.203219     -4.987399    
  3.204704     -5.044749    
  3.204730     -5.021528    
  3.207396     -5.031330    
  3.207422     -5.023691    
  3.209165     -5.057366    
  3.209192     -5.076857    
  3.209905     -5.058854    
  3.209931     -5.045961    
  3.211746     -5.097739    
  3.211772     -5.081624    
  3.213910     -5.099100    
  3.213936     -5.102108    
  3.217562     -5.122411    
  3.217588     -5.085477    
  3.217734     -5.062333    
  3.217760     -5.053786    
  3.218195     -5.041481    
  3.218221     -5.047031    
  3.218359     -5.051895    
  3.218385     -5.108375    
  3.221432     -5.077555    
  3.224458     -5.134479    
  3.224484     -5.117326    
  3.226728     -5.080438    
  3.228960     -5.104949    
  3.231181     -5.095328    
  3.233391     -5.101942    
  3.233417     -5.105660    
  3.235869     -5.119580    
  3.238307     -5.161391    
  3.240731     -5.172461    
  3.243142     -5.117057    
  3.243168     -5.125684    
  3.246203     -5.140278    
  3.249217     -5.163159    
  3.249243     -5.140657    
  3.251269     -5.152939    
  3.251295     -5.144800    
  3.251554     -5.147877    
  3.251580     -5.140526    
  3.254930     -5.160749    
  3.258254     -5.180414    
  3.258280     -5.176961    
  3.261671     -5.185396    
  3.261697     -5.191626    
  3.263492     -5.177266    
  3.263518     -5.182033    
  3.267500     -5.198629    
  3.271446     -5.209281    
  3.271472     -5.214070    
  3.273283     -5.214729    
  3.273309     -5.223995    
  3.276784     -5.232454    
  3.276810     -5.239399    
  3.279737     -5.238984    
  3.279763     -5.258146    
  3.279904     -5.261635    
  3.279930     -5.253267    
  3.281693     -5.242294    
  3.281719     -5.267977    
  3.283569     -5.240063    
  3.283595     -5.251876    
  3.285864     -5.259024    
  3.285890     -5.248530    
  3.288494     -5.277702    
  3.288521     -5.306584    
  3.289058     -5.283611    
  3.289085     -5.256710    
  3.291445     -5.303212    
  3.291471     -5.280054    
  3.292687     -5.273508    
  3.292713     -5.275751    
  3.294701     -5.283930    
  3.294727     -5.285495    
  3.295769     -5.292195    
  3.295795     -5.294755    
  3.295928     -5.297364    
  3.295954     -5.298061    
  3.296323     -5.304614    
  3.296349     -5.306103    
  3.296793     -5.301564    
  3.296819     -5.293135    
  3.299472     -5.299538    
  3.299498     -5.300238    
  3.301162     -5.306246    
  3.301188     -5.304953    
  3.302957     -5.311519    
  3.302983     -5.311450    
  3.305105     -5.318262    
  3.305131     -5.318995    
  3.306016     -5.320908    
  3.306042     -5.320006    
  3.306917     -5.323839    
  3.306943     -5.333215    
  3.309394     -5.333099    
  3.309420     -5.331034    
  3.309880     -5.334234    
  3.309906     -5.334429    
  3.310654     -5.335516    
  3.310680     -5.335954    
  3.311009     -5.337567    
  3.311035     -5.337830    
  3.311357     -5.340640    
  3.311383     -5.341113    
  3.311855     -5.343133    
  3.311881     -5.342820    
  3.312043     -5.342368    
  3.312069     -5.349935    
  3.315866     -5.348906    
  3.319630     -5.338148    
  3.319656     -5.350302    
  3.322697     -5.371044    
  3.325716     -5.381267    
  3.328715     -5.385085    
  3.331694     -5.395425    
  3.334652     -5.425190    
  3.337590     -5.409331    
  3.340508     -5.432270    
  3.343407     -5.433525    
  3.343433     -5.437589    
  3.347340     -5.443708    
  3.351212     -5.459950    
  3.351238     -5.454861    
  3.351711     -5.451525    
  3.351737     -5.454315    
  3.354728     -5.459024    
  3.357698     -5.490695    
  3.360649     -5.482908    
  3.363579     -5.495340    
  3.363605     -5.500433    
  3.365511     -5.513262    
  3.365537     -5.559651    
  3.367465     -5.503636    
  3.367491     -5.532147    
  3.367518     -5.549059    
  3.368345     -5.510344    
  3.368371     -5.508645    
  3.369799     -5.514587    
  3.369825     -5.515396    
  3.371854     -5.522649    
  3.371880     -5.523884    
  3.373656     -5.520366    
  3.373682     -5.527867    
  3.377642     -5.542473    
  3.377668     -5.541798    
  3.379189     -5.548104    
  3.379215     -5.542884    
  3.382117     -5.568973    
  3.382143     -5.578606    
  3.385913     -5.565369    
  3.385939     -5.570649    
  3.389822     -5.584830    
  3.389848     -5.584639    
  3.391164     -5.599663    
  3.391190     -5.590998    
  3.395069     -5.605334    
  3.395095     -5.603827    
  3.397989     -5.611461    
  3.398015     -5.613152    
  3.398446     -5.614640    
  3.398472     -5.613999    
  3.400885     -5.622661    
  3.400911     -5.622095    
  3.402458     -5.628438    
  3.402485     -5.625854    
  3.403625     -5.644828    
  3.403651     -5.645513    
  3.404157     -5.648437    
  3.404183     -5.664542    
  3.406906     -5.640559    
  3.409611     -5.652375    
  3.412300     -5.662771    
  3.414973     -5.670596    
  3.414999     -5.673183    
  3.419305     -5.683590    
  3.419331     -5.686926    
  3.422393     -5.698197    
  3.425434     -5.708644    
  3.428454     -5.719426    
  3.431452     -5.730800    
  3.431479     -5.730469    
  3.434953     -5.741750    
  3.434979     -5.740278    
  3.438935     -5.756315    
  3.442855     -5.782167    
  3.442881     -5.767476    
  3.444964     -5.777841    
  3.444990     -5.777641    
  3.447490     -5.786834    
  3.449964     -5.795083    
  3.449990     -5.803227    
  3.452474     -5.817546    
  3.454944     -5.780601    
  3.454970     -5.790156    
  3.457932     -5.828857    
  3.460873     -5.833648    
  3.463795     -5.844628    
  3.466698     -5.854949    
  3.466724     -5.855025    
  3.467614     -5.855085    
  3.467640     -5.853565    
  3.468776     -5.844527    
  3.468802     -5.843446    
  3.469484     -5.867802    
  3.469510     -5.868849    
  3.469535     -5.869456    
  3.469561     -5.870368    
  3.469873     -5.873365    
  3.469899     -5.873701    
  3.470209     -5.875765    
  3.470235     -5.872539    
  3.471210     -5.857525    
  3.471236     -5.861598    
  3.472958     -5.879545    
  3.472984     -5.877201    
  3.474130     -5.881758    
  3.474156     -5.882309    
  3.477552     -5.895293    
  3.480921     -5.908091    
  3.480947     -5.905294    
  3.483093     -5.914251    
  3.483119     -5.914934    
  3.485987     -5.923426    
  3.486013     -5.923791    
  3.486615     -5.926003    
  3.486641     -5.938798    
  3.490491     -5.945979    
  3.494307     -5.949411    
  3.494333     -5.954168    
  3.498611     -5.926380    
  3.502847     -5.997283    
  3.502873     -5.985858    
  3.503909     -5.987611    
  3.503935     -5.987440    
  3.504049     -5.987545    
  3.504075     -5.990812    
  3.505750     -5.995086    
  3.505776     -5.993871    
  3.505983     -5.993848    
  3.506009     -5.992740    
  3.506922     -5.999907    
  3.506948     -6.000080    
  3.507287     -6.001457    
  3.507313     -5.995318    
  3.511219     -6.035748    
  3.511245     -6.013405    
  3.513248     -6.022452    
  3.513274     -6.022653    
  3.515834     -6.031814    
  3.515860     -6.031977    
  3.515893     -6.031951    
  3.518219     -6.043702    
  3.520533     -6.047771    
  3.522835     -6.057462    
  3.525125     -6.065860    
  3.527403     -6.067495    
  3.529669     -6.077127    
  3.531923     -6.095282    
  3.534166     -6.098800    
  3.534192     -6.104522    
  3.535341     -6.108950    
  3.535367     -6.108429    
  3.539376     -6.099957    
  3.539403     -5.942650    
  3.541647     -6.155418    
  3.543879     -6.133450    
  3.543905     -6.131259    
  3.544530     -6.137814    
  3.544556     -6.136403    
  3.545185     -6.141294    
  3.545211     -6.142925    
  3.545491     -6.146711    
  3.545517     -6.130419    
  3.548458     -6.150448    
  3.548484     -6.150592    
  3.550178     -6.156908    
  3.550205     -6.156808    
  3.552184     -6.164345    
  3.552210     -6.164369    
  3.553416     -6.168821    
  3.553442     -6.168922    
  3.553493     -6.169107    
  3.553519     -6.168900    
  3.555658     -6.177798    
  3.555684     -6.178577    
  3.556758     -6.200615    
  3.556785     -6.186979    
  3.557726     -6.180878    
  3.557752     -6.184025    
  3.558877     -6.188748    
  3.558903     -6.188379    
  3.559141     -6.189733    
  3.559167     -6.189943    
  3.559322     -6.190660    
  3.559348     -6.190345    
  3.560882     -6.196027    
  3.560908     -6.196315    
  3.561003     -6.196641    
  3.561024     -6.196711    
  3.561050     -6.196798    
  3.561076     -6.196887    
  3.561161     -6.197175    
  3.561188     -6.197269    
  3.561399     -6.197908    
  3.561425     -6.197970    
  3.561492     -6.198146    
  3.561518     -6.198207    
  3.561733     -6.198779    
  3.561759     -6.198855    
  3.561929     -6.199447    
  3.561955     -6.199527    
  3.562293     -6.201305    
  3.565712     -6.214248    
  3.565738     -6.201797    
  3.568684     -6.159685    
  3.568710     -6.172926    
  3.572276     -6.219919    
  3.572302     -6.208829    
  3.575184     -6.215451    
  3.578046     -6.222984    
  3.580890     -6.249239    
  3.583716     -6.230537    
  3.583742     -6.270652    
  3.586195     -6.221382    
  3.588634     -6.273417    
  3.591060     -6.259657    
  3.593472     -6.276733    
  3.595871     -6.276186    
  3.598257     -6.297843    
  3.600630     -6.287139    
  3.602990     -6.303304    
  3.603016     -6.337965    
  3.606561     -6.303281    
  3.610077     -6.341746    
  3.610103     -6.328478    
  3.614107     -6.330121    
  3.618075     -6.410886    
  3.618101     -6.353524    
  3.619098     -6.353012    
  3.619124     -6.361223    
  3.620549     -6.365934    
  3.620575     -6.366132    
  3.621884     -6.369557    
  3.621910     -6.369633    
  3.623350     -6.376440    
  3.623376     -6.375614    
  3.625657     -6.383253    
  3.627926     -6.402555    
  3.627952     -6.405084    
  3.630143     -6.395507    
  3.630428     -6.402603    
  3.632323     -6.409048    
  3.632349     -6.409078    
  3.634351     -6.416597    
  3.634377     -6.416771    
  3.637591     -6.428840    
  3.637617     -6.429014    
  3.640932     -6.456214    
  3.644221     -6.454415    
  3.644248     -6.458181    
  3.646952     -6.461134    
  3.649641     -6.473240    
  3.652313     -6.483489    
  3.654968     -6.495567    
  3.654994     -6.495509    
  3.656771     -6.504247    
  3.656798     -6.505721    
  3.659416     -6.508360    
  3.659442     -6.514402    
  3.663645     -6.531345    
  3.663672     -6.526627    
  3.666918     -6.535745    
  3.670140     -6.548279    
  3.670166     -6.547860    
  3.673528     -6.557220    
  3.673554     -6.551937    
  3.676435     -6.579033    
  3.679298     -6.584244    
  3.682141     -6.595014    
  3.684966     -6.605633    
  3.684992     -6.605188    
  3.685363     -6.606130    
  3.685390     -6.606304    
  3.685421     -6.607164    
  3.687761     -6.615777    
  3.687787     -6.615189    
  3.688738     -6.623837    
  3.688764     -6.625628    
  3.688892     -6.627529    
  3.688918     -6.624103    
  3.690761     -6.628753    
  3.690787     -6.640571    
  3.691489     -6.721953    
  3.691515     -6.656629    
  3.694842     -6.629634    
  3.694868     -6.642232    
  3.695395     -6.642767    
  3.695421     -6.642962    
  3.695548     -6.643477    
  3.695574     -6.644439    
  3.699531     -6.659824    
  3.703451     -6.674782    
  3.707337     -6.688520    
  3.711188     -6.704161    
  3.711214     -6.704098    
  3.712650     -6.709230    
  3.713266     -6.711150    
  3.713292     -6.711569    
  3.715965     -6.720648    
  3.718622     -6.732343    
  3.718648     -6.732005    
  3.719507     -6.734731    
  3.719533     -6.734704    
  3.719809     -6.735315    
  3.719835     -6.735221    
  3.720772     -6.740386    
  3.720798     -6.739193    
  3.721949     -6.741121    
  3.721976     -6.744500    
  3.726014     -6.758947    
  3.726040     -6.759411    
  3.729224     -6.771744    
  3.729250     -6.771230    
  3.730799     -6.778696    
  3.730825     -6.779384    
  3.733074     -6.785913    
  3.733100     -6.786347    
  3.736642     -6.805213    
  3.740157     -6.813923    
  3.740183     -6.813655    
  3.740658     -6.814446    
  3.740684     -6.811442    
  3.742813     -6.822189    
  3.742839     -6.822492    
  3.743010     -6.823597    
  3.743036     -6.823723    
  3.745487     -6.832922    
  3.747926     -6.842202    
  3.747952     -6.842308    
  3.748402     -6.843982    
  3.748428     -6.844050    
  3.750148     -6.850540    
  3.750174     -6.850651    
  3.751807     -6.856688    
  3.751825     -6.856625    
  3.751851     -6.856585    
  3.752945     -6.860757    
  3.752971     -6.861046    
  3.753218     -6.862181    
  3.753244     -6.862335    
  3.753912     -6.864764    
  3.753938     -6.864833    
  3.754688     -6.867731    
  3.754715     -6.867801    
  3.755025     -6.868961    
  3.755051     -6.869076    
  3.755248     -6.869894    
  3.755274     -6.870008    
  3.755553     -6.871105    
  3.755579     -6.871266    
  3.758844     -6.883451    
  3.758870     -6.885174    
  3.762813     -6.895613    
  3.766720     -6.912918    
  3.770592     -6.924900    
  3.774430     -6.953819    
  3.774456     -6.939391    
  3.777991     -6.956465    
  3.778017     -6.957081    
  3.778151     -6.955132    
  3.781504     -6.969179    
  3.781530     -6.967987    
  3.785355     -6.982742    
  3.789147     -6.996457    
  3.792906     -7.011286    
  3.796633     -7.025884    
  3.796659     -7.022325    
  3.799528     -7.038816    
  3.802378     -7.043064    
  3.802405     -7.044069    
  3.802753     -7.047114    
  3.802779     -7.047352    
  3.804109     -7.053036    
  3.804136     -7.058800    
  3.805742     -7.059444    
  3.805768     -7.057932    
  3.806039     -7.060243    
  3.806065     -7.059752    
  3.806646     -7.061345    
  3.806672     -7.062277    
  3.807576     -7.065685    
  3.807602     -7.065708    
  3.808354     -7.068634    
  3.808380     -7.069004    
  3.809479     -7.071970    
  3.809505     -7.071785    
  3.809846     -7.073362    
  3.809872     -7.073801    
  3.810525     -7.077788    
  3.810551     -7.076755    
  3.811407     -7.090433    
  3.811433     -7.089626    
  3.811548     -7.088855    
  3.811574     -7.088459    
  3.811599     -7.088112    
  3.811625     -7.085735    
  3.812345     -7.080799    
  3.812371     -7.083723    
  3.814695     -7.093714    
  3.817007     -7.100391    
  3.819307     -7.109312    
  3.821595     -7.145425    
  3.821621     -7.181357    
  3.823807     -7.114205    
  3.825982     -7.134639    
  3.830301     -7.155325    
  3.830327     -7.151461    
  3.834271     -7.166484    
  3.838180     -7.182153    
  3.838207     -7.182257    
  3.840521     -7.190385    
  3.842823     -7.204006    
  3.842849     -7.214614    
  3.843871     -7.200545    
  3.843897     -7.203697    
  3.847941     -7.218564    
  3.851948     -7.231662    
  3.855919     -7.250594    
  3.859853     -7.265346    
  3.859879     -7.272752    
  3.862843     -7.275393    
  3.865788     -7.287657    
  3.865814     -7.287727    
  3.866065     -7.288626    
  3.866091     -7.288358    
  3.868658     -7.298667    
  3.871210     -7.308266    
  3.871236     -7.308459    
  3.873680     -7.317979    
  3.876111     -7.327079    
  3.878528     -7.336215    
  3.880932     -7.345377    
  3.880959     -7.345754    
  3.883813     -7.359028    
  3.886649     -7.368068    
  3.889466     -7.367459    
  3.892265     -7.389329    
  3.892291     -7.388021    
  3.894417     -7.397536    
  3.894443     -7.397151    
  3.895163     -7.400043    
  3.895189     -7.400864    
  3.898690     -7.412028    
  3.898716     -7.412704    
  3.900445     -7.420325    
  3.900462     -7.420218    
  3.900488     -7.420317    
  3.901329     -7.423716    
  3.901356     -7.424286    
  3.902300     -7.428012    
  3.902326     -7.427326    
  3.903658     -7.432683    
  3.903684     -7.432803    
  3.904238     -7.434916    
  3.904264     -7.435471    
  3.905415     -7.437570    
  3.905441     -7.435780    
  3.905995     -7.436802    
  3.906021     -7.439247    
  3.906888     -7.445871    
  3.906914     -7.444833    
  3.907705     -7.448208    
  3.907731     -7.448115    
  3.908373     -7.449244    
  3.908399     -7.448593    
  3.908503     -7.448066    
  3.908529     -7.442504    
  3.912223     -7.468123    
  3.912249     -7.465522    
  3.913098     -7.468809    
  3.913124     -7.468863    
  3.913216     -7.469255    
  3.913243     -7.469373    
  3.913438     -7.470193    
  3.913465     -7.470302    
  3.913745     -7.471323    
  3.913771     -7.471404    
  3.913800     -7.471503    
  3.913826     -7.471593    
  3.913873     -7.471755    
  3.913899     -7.471845    
  3.913915     -7.471901    
  3.913940     -7.471988    
  3.913967     -7.472077    
  3.914112     -7.472586    
  3.914138     -7.472735    
  3.916945     -7.482838    
  3.916971     -7.482124    
  3.920612     -7.491462    
  3.924221     -7.502015    
  3.927801     -7.520805    
  3.931352     -7.534064    
  3.931378     -7.533502    
  3.935116     -7.546985    
  3.938821     -7.560647    
  3.938847     -7.567056    
  3.941053     -7.567098    
  3.943248     -7.580154    
  3.945432     -7.586538    
  3.947605     -7.595239    
  3.951918     -7.613811    
  3.956189     -7.624773    
  3.956215     -7.623325    
  3.959412     -7.645079    
  3.962586     -7.649217    
  3.965737     -7.663218    
  3.968865     -7.674832    
  3.968891     -7.684676    
  3.972582     -7.687136    
  3.976241     -7.708283    
  3.979870     -7.716953    
  3.983469     -7.731137    
  3.983495     -7.742441    
  3.985959     -7.741099    
  3.988409     -7.750224    
  3.990846     -7.758609    
  3.993269     -7.767956    
  3.993295     -7.771629    
  3.995544     -7.777973    
  3.997782     -7.786415    
  3.997808     -7.786619    
  4.001416     -7.799913    
  4.004993     -7.817254    
  4.008542     -7.831725    
  4.012062     -7.842727    
  4.015553     -7.854607    
  4.019017     -7.867854    
  4.022453     -7.883617    
  4.025862     -7.893165    
  4.025888     -7.894056    
  4.029667     -7.909141    
  4.033413     -7.923558    
  4.033440     -7.923865    
  4.034804     -7.928884    
  4.034830     -7.928969    
  4.038396     -7.942979    
  4.038422     -7.942903    
  4.039117     -7.946492    
  4.039143     -7.946602    
  4.042356     -7.957506    
  4.042382     -7.966373    
  4.044890     -7.972341    
  4.047383     -7.976549    
  4.047409     -7.977260    
  4.047809     -7.978454    
  4.047835     -7.978544    
  4.047865     -7.979057    
  4.051262     -7.992480    
  4.054633     -8.004938    
  4.057978     -8.017818    
  4.061297     -8.030646    
  4.061323     -8.030745    
  4.064372     -8.042429    
  4.067400     -8.052566    
  4.070406     -8.071180    
  4.073392     -8.077700    
  4.073418     -8.076834    
  4.075738     -8.086444    
  4.078046     -8.095141    
  4.078072     -8.088235    
  4.080271     -8.092914    
  4.080297     -8.103566    
  4.080888     -8.105740    
  4.080914     -8.108110    
  4.080998     -8.108679    
  4.081024     -8.108650    
  4.081040     -8.108627    
  4.081066     -8.106794    
  4.082224     -8.111100    
  4.082250     -8.110273    
  4.084297     -8.119316    
  4.084323     -8.121303    
  4.086519     -8.127864    
  4.088705     -8.136637    
  4.093043     -8.153522    
  4.097338     -8.170071    
  4.101591     -8.186037    
  4.101617     -8.185730    
  4.105086     -8.199969    
  4.108527     -8.213408    
  4.111941     -8.232852    
  4.115328     -8.236575    
  4.118689     -8.251546    
  4.122025     -8.265443    
  4.125335     -8.277287    
  4.128620     -8.290598    
  4.128646     -8.291111    
  4.131400     -8.300445    
  4.134137     -8.312121    
  4.136856     -8.322527    
  4.139559     -8.331568    
  4.142245     -8.340891    
  4.144915     -8.354601    
  4.147568     -8.362351    
  4.150205     -8.374145    
  4.150231     -8.371960    
  4.153104     -8.385400    
  4.155957     -8.396202    
  4.155983     -8.396304    
  4.156244     -8.397300    
  4.156270     -8.397423    
  4.158133     -8.404631    
  4.158160     -8.404461    
  4.158947     -8.409413    
  4.158973     -8.410076    
  4.161758     -8.414769    
  4.161784     -8.418791    
  4.163410     -8.424910    
  4.163436     -8.424956    
  4.163793     -8.426475    
  4.163819     -8.426582    
  4.163989     -8.427253    
  4.164015     -8.427363    
  4.168129     -8.442785    
  4.172204     -8.458550    
  4.176241     -8.473927    
  4.180241     -8.488601    
  4.184204     -8.504879    
  4.188131     -8.519908    
  4.192024     -8.534809    
  4.195882     -8.549251    
  4.195908     -8.550822    
  4.198350     -8.558223    
  4.200780     -8.570832    
  4.203195     -8.576622    
  4.205597     -8.588451    
  4.207986     -8.595699    
  4.210362     -8.605701    
  4.212725     -8.615090    
  4.215075     -8.623910    
  4.217413     -8.632157    
  4.219738     -8.643659    
  4.222051     -8.650675    
  4.224351     -8.659610    
  4.226639     -8.668656    
  4.228916     -8.677585    
  4.231180     -8.685902    
  4.233433     -8.697431    
  4.233459     -8.694736    
  4.235750     -8.703255    
  4.238029     -8.712207    
  4.240296     -8.722733    
  4.242552     -8.721113    
  4.244795     -8.743553    
  4.247028     -8.747198    
  4.249248     -8.755713    
  4.251458     -8.764220    
  4.251484     -8.764615    
  4.255470     -8.779841    
  4.259419     -8.794987    
  4.259445     -8.795142    
  4.261746     -8.803983    
  4.261772     -8.804913    
  4.265747     -8.820821    
  4.265773     -8.818706    
  4.266098     -8.820793    
  4.266124     -8.821137    
  4.269803     -8.835302    
  4.273452     -8.849380    
  4.277070     -8.860302    
  4.280658     -8.875619    
  4.284217     -8.892053    
  4.287747     -8.905068    
  4.291249     -8.918367    
  4.294722     -8.933640    
  4.294748     -8.931480    
  4.297714     -8.943385    
  4.300661     -8.954871    
  4.303587     -8.966178    
  4.306494     -8.977552    
  4.309381     -8.988718    
  4.312250     -9.000177    
  4.315099     -9.010236    
  4.317931     -9.024647    
  4.320743     -9.032733    
  4.323538     -9.046573    
  4.326314     -9.054367    
  4.329073     -9.063304    
  4.331815     -9.075560    
  4.334540     -9.086363    
  4.337247     -9.097054    
  4.339938     -9.107419    
  4.339964     -9.109713    
  4.343714     -9.121298    
  4.347431     -9.136296    
  4.347457     -9.136601    
  4.350370     -9.148126    
  4.353264     -9.159166    
  4.353290     -9.159341    
  4.353671     -9.160862    
  4.353698     -9.160917    
  4.356104     -9.170597    
  4.356130     -9.171781    
  4.357295     -9.174947    
  4.357321     -9.174945    
  4.357613     -9.176362    
  4.357639     -9.176481    
  4.357809     -9.177152    
  4.357835     -9.177433    
  4.360667     -9.188229    
  4.363481     -9.198922    
  4.366277     -9.209926    
  4.369055     -9.220401    
  4.371816     -9.231044    
  4.374559     -9.241704    
  4.377285     -9.252652    
  4.379993     -9.263545    
  4.382685     -9.273850    
  4.385361     -9.284463    
  4.388020     -9.293274    
  4.390662     -9.305778    
  4.393289     -9.315149    
  4.395900     -9.325774    
  4.398496     -9.335319    
  4.401076     -9.346245    
  4.403640     -9.355777    
  4.406190     -9.366144    
  4.408725     -9.375128    
  4.411245     -9.385700    
  4.413751     -9.394209    
  4.416242     -9.405482    
  4.418719     -9.415071    
  4.421182     -9.424845    
  4.423631     -9.431021    
  4.426066     -9.443475    
  4.428488     -9.452794    
  4.430896     -9.462831    
  4.433291     -9.471851    
  4.435673     -9.481662    
  4.438042     -9.490373    
  4.440398     -9.499660    
  4.440424     -9.499895    
  4.442834     -9.509247    
  4.445231     -9.519854    
  4.445257     -9.520100    
  4.447541     -9.527425    
  4.449813     -9.536366    
  4.452073     -9.545681    
  4.454321     -9.553003    
  4.456558     -9.560464    
  4.458783     -9.572083    
  4.460997     -9.579363    
  4.463200     -9.590520    
  4.465392     -9.597866    
  4.467572     -9.606401    
  4.471901     -9.623602    
  4.476187     -9.640451    
  4.480431     -9.656418    
  4.512967     -9.784887    
  4.512994     -9.785295    
  4.514640     -9.791650    
  4.514666     -9.791794    
  4.515975     -9.797042    
  4.516001     -9.797143    
  4.516171     -9.797844    
  4.516198     -9.799144    
  4.585499     -10.07334    
  4.585525     -10.07174    
  4.648519     -10.32180    
  4.648545     -10.32157    
  4.649578     -10.32522    
  4.649604     -10.32538    
  4.649869     -10.32633    
  4.649895     -10.32642    
  4.650065     -10.32715    
  4.650091     -10.32771    
  4.709795     -10.56466    
  4.709821     -10.56546    
  4.765784     -10.78686    
  4.765810     -10.78675    
  4.765853     -10.78694    
  4.765875     -10.78704    
  4.765901     -10.78715    
  4.766049     -10.78776    
  4.766075     -10.78832    
  4.818511     -10.99729    
  4.818536     -10.99667    
  4.868125     -11.19178    
  4.868151     -11.19296    
  4.868182     -11.19308    
  4.868208     -11.19319    
  4.868354     -11.19378    
  4.868380     -11.18963    
  4.915120     -11.38195    
  4.915146     -11.38029    
  4.959480     -11.55569    
  4.959506     -11.55528    
  4.959673     -11.55598    
  4.959697     -11.55608    
  4.959723     -11.55619    
  4.959869     -11.55678    
  4.959895     -11.55771    
  5.002051     -11.72036    
  5.002077     -11.72443    
  5.042016     -11.88283    
  5.042042     -11.88266    
  5.042458     -11.88431    
  5.042484     -11.88441    
  5.042511     -11.88452    
  5.042654     -11.88510    
  5.042681     -11.88487    
  5.081068     -12.03675    
  5.081094     -12.03505    
  5.117599     -12.18048    
  5.117625     -12.18206    
  5.118035     -12.18373    
  5.118061     -12.18383    
  5.118087     -12.18393    
  5.118232     -12.18450    
  5.118258     -12.18031    
  5.153493     -12.32583    
  5.153519     -12.32405    
  5.187234     -12.45765    
  5.187260     -12.45706    
  5.187559     -12.45814    
  5.187585     -12.45825    
  5.187614     -12.45836    
  5.187756     -12.45891    
  5.187782     -12.46067    
  5.251210     -12.71036    
  5.251236     -12.71087    
  5.251962     -12.71424    
  5.251988     -12.71435    
  5.252125     -12.71490    
  5.252151     -12.71576    
  5.311781     -12.95176    
  5.311807     -12.95230    
  5.311888     -12.95262    
  5.311914     -12.95272    
  5.312051     -12.95326    
  5.312078     -12.95406    
  5.368109     -13.17457    
  5.368135     -13.17612    
  5.420767     -13.38491    
  5.420793     -13.38483    
  5.470414     -13.57877    
  5.470440     -13.58156    
  5.517376     -13.76970    
  5.517402     -13.76830    
  5.561929     -13.94274    
  5.561955     -13.94604    
  5.604308     -14.10501    
  5.604334     -14.11145    
  5.644714     -14.26754    
  5.644741     -14.29891    
  6.107217     -16.19101    
  6.326076     -16.75617    
  6.579344     -17.53237    
  6.854367     -18.28866    
  7.141786     -19.02657    
  7.435846     -19.79388    
  7.733349     -20.61319    
  8.032605     -21.45457    
  8.332745     -22.30452    
  8.633329     -23.18836    
  8.934136    -100.00000    
