 0.6915830    -100.00000    
 0.6916091    -100.00000    
 0.6950408    -100.00000    
 0.6950669    -100.00000    
 0.6981765    -100.00000    
 0.6982026    -100.00000    
 0.7261927    -100.00000    
 0.7524875     -197.7566    
 0.7525136    -100.00000    
 0.7562684     -196.2495    
 0.7562944    -100.00000    
 0.7903624    -100.00000    
 0.8219512     -171.0820    
 0.8219773    -100.00000    
 0.8256871     -169.1118    
 0.8257132     -168.9438    
 0.8270964     -168.4079    
 0.8271225     -168.5324    
 0.8287464     -167.8191    
 0.8287724    -100.00000    
 0.8615415    -100.00000    
 0.8920105    -100.00000    
 0.9204814    -100.00000    
 0.9472000     -133.3826    
 0.9472261    -100.00000    
 0.9610684     -129.8233    
 0.9610945    -100.00000    
 0.9737423     -126.9607    
 0.9737684     -126.7141    
 0.9757254     -126.4368    
 0.9757515    -100.00000    
 0.9780505     -124.2965    
 0.9780766    -100.00000    
  1.002006    -100.00000    
  1.024685    -100.00000    
  1.066772    -100.00000    
  1.105139    -100.00000    
  1.140390    -100.00000    
  1.172993    -100.00000    
  1.203318    -100.00000    
  1.231664    -100.00000    
  1.258272     -85.37483    
  1.258298    -100.00000    
  1.281083     -83.59083    
  1.281109    -100.00000    
  1.301030     -82.22971    
  1.305160     -81.92315    
  1.305186    -100.00000    
  1.326915     -79.16599    
  1.326941    -100.00000    
  1.346694     -71.75909    
  1.346720    -100.00000    
  1.362546     -68.44961    
  1.362572    -100.00000    
  1.390897     -67.55059    
  1.390924     -67.56125    
  1.416635     -66.94059    
  1.416661     -66.61760    
  1.443021     -66.24630    
  1.443047     -65.43207    
  1.465962     -65.16156    
  1.465988     -65.20431    
  1.485873     -65.38503    
  1.485899     -65.43022    
  1.499967     -65.72861    
  1.499993     -66.03616    
  1.524019    -100.00000    
  1.546785     -69.52462    
  1.546812     -68.67091    
  1.576132    -100.00000    
  1.576158    -100.00000    
  1.604777     -71.15553    
  1.604803     -68.44855    
  1.629435     -67.75112    
  1.629461    -100.00000    
  1.655483    -100.00000    
  1.680033    -100.00000    
  1.703270    -100.00000    
  1.725326     -56.59217    
  1.725352     -56.52200    
  1.731789     -55.84489    
  1.731815    -100.00000    
  1.759985    -100.00000    
  1.786439     -51.62075    
  1.786465    -100.00000    
  1.816267    -100.00000    
  1.844155     -48.10392    
  1.844181    -100.00000    
  1.873455     -46.76838    
  1.873481    -100.00000    
  1.905852     -45.62821    
  1.905878     -45.53739    
  1.913985     -45.29904    
  1.914011     -45.32355    
  1.926739     -44.97124    
  1.926765     -44.95402    
  1.927492     -44.93597    
  1.927518     -45.07583    
  1.953099     -44.41178    
  1.953125     -44.55498    
  1.992547     -43.81766    
  1.992573     -43.77453    
  1.994242     -43.75293    
  1.994268     -43.75267    
  1.996583     -43.72331    
  1.996609     -43.72287    
  1.997969     -43.70611    
  1.997995     -43.70464    
  2.007452     -43.60985    
  2.007478     -43.60845    
  2.018315     -43.57263    
  2.018341     -43.59125    
  2.028139     -43.37246    
  2.028165     -43.70578    
  2.036834     -42.69410    
  2.036860    -100.00000    
  2.054806     -41.07051    
  2.054832     -41.02861    
  2.061074     -40.28956    
  2.061100    -100.00000    
  2.077560     -38.82314    
  2.077586    -100.00000    
  2.096009     -37.11054    
  2.096035     -36.91423    
  2.097335     -36.79407    
  2.097361     -36.83404    
  2.101549     -36.42735    
  2.101575     -36.40564    
  2.102614     -36.31080    
  2.102640     -36.32984    
  2.105856     -36.02882    
  2.105882     -36.01341    
  2.106131     -35.99093    
  2.106157     -36.07115    
  2.111538     -35.53722    
  2.111564     -35.50373    
  2.111972     -35.46736    
  2.111998     -35.66121    
  2.119253     -34.87296    
  2.119279     -34.88327    
  2.124259     -34.41243    
  2.124285     -34.39784    
  2.127003     -34.15735    
  2.127029     -34.14677    
  2.127689     -34.08977    
  2.127715     -34.72601    
  2.137516     -33.32520    
  2.137543     -33.24867    
  2.138167     -33.19587    
  2.138193    -100.00000    
  2.149401     -32.34689    
  2.149427     -32.25778    
  2.150323     -32.18388    
  2.150349     -32.18075    
  2.150451     -32.17236    
  2.150478     -32.26944    
  2.156771     -31.69129    
  2.156797     -31.66170    
  2.158990     -31.48211    
  2.159016     -31.78674    
  2.168085     -30.81014    
  2.168111     -31.10119    
  2.177634     -30.06457    
  2.177660     -30.02767    
  2.181761     -29.69792    
  2.181787     -29.77832    
  2.188475     -29.20484    
  2.188501    -100.00000    
  2.202392     -28.23416    
  2.202418     -28.13366    
  2.204200     -28.00214    
  2.204226     -28.05400    
  2.209967     -27.60463    
  2.209993     -27.70971    
  2.217868     -27.05491    
  2.217894     -27.01217    
  2.217973     -27.00652    
  2.217999     -27.00476    
  2.218346     -26.98033    
  2.218372     -26.97848    
  2.218718     -26.95394    
  2.218745     -27.03743    
  2.225651     -26.52122    
  2.232450     -26.02689    
  2.232476     -26.00024    
  2.234725     -25.84484    
  2.234751     -25.87110    
  2.239647     -25.52334    
  2.239673     -25.51334    
  2.242461     -25.32327    
  2.242487     -25.31679    
  2.243634     -25.23977    
  2.243660     -25.23988    
  2.245376     -25.12481    
  2.245402     -25.15833    
  2.250751     -24.78553    
  2.250777     -24.77420    
  2.253726     -24.57814    
  2.253752     -24.58221    
  2.257114     -24.36140    
  2.260450     -24.15024    
  2.263761     -23.93332    
  2.267047     -23.72351    
  2.267073     -23.72650    
  2.270520     -23.50552    
  2.270546     -23.49706    
  2.271659     -23.42730    
  2.271685     -23.42479    
  2.271838     -23.41520    
  2.271864     -23.48837    
  2.273764     -23.32357    
  2.273790     -23.30657    
  2.275848     -23.16806    
  2.275875     -23.16886    
  2.278055     -23.03310    
  2.278081     -23.03249    
  2.280272     -22.89722    
  2.280298     -22.90417    
  2.283835     -22.68491    
  2.283861     -22.67713    
  2.285263     -22.59208    
  2.285289     -22.58999    
  2.286319     -22.52779    
  2.286345     -22.52566    
  2.286816     -22.49728    
  2.286843     -22.50133    
  2.289444     -22.34460    
  2.292031     -22.19048    
  2.294602     -22.03829    
  2.297158     -21.88736    
  2.297184     -21.88233    
  2.298013     -21.83382    
  2.298039     -21.83346    
  2.299510     -21.74745    
  2.299536     -21.74661    
  2.301188     -21.65048    
  2.302835     -21.55525    
  2.304475     -21.46081    
  2.306109     -21.36695    
  2.306135     -21.36496    
  2.307390     -21.29320    
  2.308642     -21.22186    
  2.308668     -21.22098    
  2.310145     -21.13712    
  2.311618     -21.05394    
  2.313085     -20.97138    
  2.314548     -20.88930    
  2.314574     -20.88668    
  2.315022     -20.86141    
  2.315048     -20.86052    
  2.315628     -20.82779    
  2.315654     -20.82682    
  2.316640     -20.77199    
  2.317624     -20.71727    
  2.317650     -20.71569    
  2.318472     -20.67011    
  2.318499     -20.66852    
  2.319125     -20.63386    
  2.319151     -20.63282    
  2.320138     -20.57838    
  2.321123     -20.52422    
  2.322105     -20.47032    
  2.323085     -20.41665    
  2.323111     -20.41549    
  2.324238     -20.35394    
  2.324264     -20.35228    
  2.325142     -20.30449    
  2.326019     -20.25693    
  2.326894     -20.20957    
  2.327767     -20.16209    
  2.327793     -20.16103    
  2.328784     -20.10776    
  2.329773     -20.05460    
  2.330760     -20.00173    
  2.331745     -19.94909    
  2.331771     -19.94744    
  2.332451     -19.91117    
  2.333131     -19.87500    
  2.333157     -19.87372    
  2.333940     -19.83219    
  2.334721     -19.79080    
  2.334747     -19.78970    
  2.335758     -19.73627    
  2.336767     -19.68314    
  2.337773     -19.63027    
  2.338777     -19.57764    
  2.338803     -19.57594    
  2.339391     -19.54524    
  2.339977     -19.51463    
  2.340563     -19.48412    
  2.341149     -19.45368    
  2.341175     -19.45216    
  2.341313     -19.44496    
  2.341339     -19.44360    
  2.341416     -19.43962    
  2.341442     -19.43844    
  2.341995     -19.40975    
  2.342548     -19.38112    
  2.342574     -19.37981    
  2.343152     -19.34990    
  2.343730     -19.32008    
  2.344307     -19.29034    
  2.344884     -19.26068    
  2.344910     -19.25974    
  2.345914     -19.20805    
  2.346415     -19.18212    
  2.346916     -19.15653    
  2.347416     -19.13108    
  2.347915     -19.10542    
  2.348414     -19.08014    
  2.348912     -19.05474    
  2.348938     -19.05359    
  2.349663     -19.01685    
  2.350387     -18.98019    
  2.350413     -18.97892    
  2.351174     -18.94042    
  2.351935     -18.90209    
  2.352694     -18.86390    
  2.353452     -18.82581    
  2.353478     -18.82101    
  2.354014     -18.82866    
  2.354040     -18.83103    
  2.354826     -19.11103    
  2.355610     -19.11503    
  2.356393     -19.14784    
  2.357175     -19.12551    
  2.357201     -19.12212    
  2.357613     -19.10111    
  2.357639     -18.01305    
  2.360689    -100.00000    
  2.360715     -18.30769    
  2.361482     -18.40300    
  2.361508    -100.00000    
  2.370561     -15.40883    
  2.370587    -100.00000    
  2.372143     -15.48929    
  2.372169     -15.33507    
  2.373576     -14.84299    
  2.373602     -14.71960    
  2.376732    -100.00000    
  2.376758     -14.96561    
  2.381432     -14.57818    
  2.381458     -14.77900    
  2.381604     -14.84661    
  2.381630     -14.81843    
  2.382020     -14.82466    
  2.382046     -14.86494    
  2.384696     -14.31717    
  2.384723     -14.32393    
  2.387156    -100.00000    
  2.387182     -15.26040    
  2.387250     -15.19132    
  2.387276     -14.28264    
  2.397757     -14.18614    
  2.397783     -14.27357    
  2.403737     -13.69534    
  2.403763     -13.95667    
  2.405849     -14.89199    
  2.405875     -14.33359    
  2.406950     -13.85083    
  2.406976     -13.58218    
  2.409375     -14.41990    
  2.409401     -16.49145    
  2.409997     -15.10475    
  2.410023    -100.00000    
  2.411532     -13.75235    
  2.411558     -13.56718    
  2.413129     -13.38725    
  2.413155     -13.44743    
  2.414139     -13.35010    
  2.414165     -13.32194    
  2.414800     -13.24368    
  2.414826     -13.18851    
  2.417258     -13.02825    
  2.417284     -13.03168    
  2.417479     -12.98656    
  2.417505     -13.08044    
  2.419934     -13.74947    
  2.419960     -12.82670    
  2.429044    -100.00000    
  2.429070     -13.77079    
  2.429812     -13.78163    
  2.429838     -13.80490    
  2.429941     -13.75620    
  2.429968    -100.00000    
  2.433545     -12.65409    
  2.433571     -12.65140    
  2.434793     -12.38706    
  2.434819     -12.44800    
  2.435600     -12.43574    
  2.435626     -12.39655    
  2.438130     -13.22260    
  2.438156     -12.78383    
  2.438775     -12.59131    
  2.438801     -12.40128    
  2.441117     -12.43042    
  2.441143     -12.29937    
  2.441622     -13.04011    
  2.441648     -12.73652    
  2.443145     -12.58351    
  2.443172     -12.12242    
  2.446855     -13.36564    
  2.446881     -12.64888    
  2.448077     -13.47816    
  2.448103     -13.12398    
  2.449403     -12.48790    
  2.449429     -12.75922    
  2.454802     -11.71190    
  2.454828     -11.91865    
  2.455220     -11.88653    
  2.455246     -11.92135    
  2.455715     -11.85316    
  2.455741     -11.83344    
  2.456057     -11.81630    
  2.456083     -11.84500    
  2.457136     -11.95311    
  2.457162     -11.88179    
  2.460232     -11.57554    
  2.460258     -14.06709    
  2.460625     -14.36922    
  2.460651     -14.05684    
  2.461200     -13.86981    
  2.461226     -13.76928    
  2.461623     -13.25697    
  2.461649     -11.98170    
  2.465081     -11.65944    
  2.465107     -11.67843    
  2.466316     -11.91124    
  2.466342     -12.86523    
  2.467007     -12.85480    
  2.467033    -100.00000    
  2.469850     -11.67066    
  2.469876     -11.98417    
  2.470870     -11.67463    
  2.470896     -11.70244    
  2.471160     -11.68399    
  2.471186     -11.67830    
  2.471286     -11.66347    
  2.471312     -11.65840    
  2.471592     -11.62376    
  2.471618     -11.62086    
  2.471859     -11.59774    
  2.471885     -11.51009    
  2.473938     -11.61294    
  2.473964     -11.99245    
  2.476473     -11.60047    
  2.476499     -11.51055    
  2.476658     -11.49796    
  2.476684     -12.41085    
  2.477008    -100.00000    
  2.477034    -100.00000    
  2.479576     -11.18901    
  2.479602     -11.46196    
  2.483495    -100.00000    
  2.483521     -12.52016    
  2.483855     -12.31894    
  2.483881     -12.28984    
  2.484161     -12.14878    
  2.484187     -12.14145    
  2.484225     -12.12838    
  2.484298     -12.10121    
  2.484324     -12.09079    
  2.484548     -12.01820    
  2.484574     -12.06744    
  2.487068     -12.34733    
  2.487094     -11.08789    
  2.490987     -11.45868    
  2.491013     -11.38542    
  2.491430     -11.38900    
  2.491456     -12.39238    
  2.493829     -11.80645    
  2.493855     -11.68600    
  2.494479     -11.50226    
  2.494505     -11.63512    
  2.496138     -11.19437    
  2.496164     -11.27035    
  2.497264     -11.12243    
  2.497290     -11.09048    
  2.497709     -11.02468    
  2.497735     -10.92229    
  2.498054     -11.39314    
  2.498080    -100.00000    
  2.501933     -10.37467    
  2.501959     -11.07442    
  2.503950     -11.10665    
  2.503976     -11.27117    
  2.504100     -11.25375    
  2.504126     -11.20098    
  2.506222     -11.29094    
  2.506248     -11.19273    
  2.506887    -100.00000    
  2.506913     -12.11569    
  2.507076     -11.93771    
  2.507102     -11.94577    
  2.507234     -11.85226    
  2.507260     -11.49730    
  2.508936     -11.55435    
  2.508962     -12.56075    
  2.509000     -12.52531    
  2.509026     -12.51874    
  2.509852     -12.10575    
  2.509878     -12.05332    
  2.510053     -12.74630    
  2.510079    -100.00000    
  2.511786     -10.62922    
  2.511813     -10.36344    
  2.512377     -9.908232    
  2.512404     -9.790700    
  2.514206    -100.00000    
  2.514232     -10.59247    
  2.515517     -11.02643    
  2.515543     -10.96703    
  2.515749     -11.08772    
  2.515775     -11.10509    
  2.515839     -11.15089    
  2.515866     -11.16945    
  2.515902     -11.19444    
  2.515928     -11.17304    
  2.516736     -12.63107    
  2.516763     -11.97625    
  2.516973     -11.89105    
  2.516999     -12.00515    
  2.517971     -11.29653    
  2.517997     -11.26515    
  2.518475     -11.07451    
  2.518501     -11.05687    
  2.519371     -10.76590    
  2.519397     -10.66307    
  2.523458     -10.89143    
  2.523485     -10.20007    
  2.526015     -11.05954    
  2.528531     -10.57402    
  2.528557     -10.68616    
  2.532645     -10.61808    
  2.532671     -10.68120    
  2.533864     -10.91642    
  2.533890     -11.05668    
  2.536637     -10.43374    
  2.539367     -10.73064    
  2.539394     -10.99935    
  2.542501     -10.33220    
  2.542527     -10.44763    
  2.544716     -10.47224    
  2.544742     -10.43806    
  2.546838     -10.51965    
  2.546864     -10.55535    
  2.547359     -10.52305    
  2.547385     -10.52007    
  2.547467     -10.51519    
  2.547493     -10.36204    
  2.551148     -10.14028    
  2.551174     -10.27736    
  2.551788     -10.30704    
  2.551814     -10.26483    
  2.555525     -10.36256    
  2.555551     -10.35194    
  2.558413     -10.33200    
  2.558439     -10.27727    
  2.558900     -10.34154    
  2.558926     -10.45818    
  2.562365     -10.41587    
  2.562391     -11.99257    
  2.562708     -11.18089    
  2.562735     -10.59818    
  2.565530     -9.945680    
  2.568307     -10.83607    
  2.568333     -10.63740    
  2.568399     -10.57217    
  2.568425     -10.54015    
  2.568740     -10.32811    
  2.568765     -10.31720    
  2.568792     -10.21246    
  2.571346     -10.07038    
  2.571372     -10.34330    
  2.571520     -10.42086    
  2.571546     -10.28653    
  2.573817    -100.00000    
  2.576076     -9.518552    
  2.576102     -9.461683    
  2.579478     -10.55081    
  2.582828     -9.720808    
  2.582854     -9.846111    
  2.584966     -9.841408    
  2.584992     -9.823068    
  2.586240     -9.864435    
  2.586266     -10.13069    
  2.588283    -100.00000    
  2.588309    -100.00000    
  2.589445     -8.801997    
  2.589471     -8.584956    
  2.590629     -11.49459    
  2.590655     -9.599582    
  2.592847     -9.767725    
  2.595028     -9.644749    
  2.595054     -9.705721    
  2.596291     -9.708442    
  2.596317     -9.699174    
  2.596347     -9.598890    
  2.597676     -10.01553    
  2.597703     -10.37259    
  2.599443     -10.87039    
  2.599469     -10.19864    
  2.600950     -9.584283    
  2.600976     -9.522113    
  2.603363     -9.530807    
  2.603390     -9.554314    
  2.606269     -9.550224    
  2.606295     -9.551082    
  2.606355     -9.550377    
  2.606381     -9.550768    
  2.607088     -9.537502    
  2.607114     -9.536622    
  2.607268     -9.535618    
  2.607294     -9.535723    
  2.607422     -9.534446    
  2.607448     -9.534236    
  2.607583     -9.532452    
  2.607610     -9.529808    
  2.608822     -9.517608    
  2.608848     -9.516683    
  2.611614     -9.467253    
  2.614363     -9.519276    
  2.614389     -9.458678    
  2.617047     -9.406432    
  2.619690     -9.341197    
  2.619716     -9.376997    
  2.620810     -9.375041    
  2.620836     -9.371901    
  2.620889     -9.370037    
  2.620915     -9.324851    
  2.621993     -9.543821    
  2.622019     -9.663793    
  2.625501     -9.365013    
  2.625527     -9.324600    
  2.626327     -9.132053    
  2.626353     -9.174190    
  2.627054     -9.230113    
  2.627080     -9.210710    
  2.630159     -9.180851    
  2.633217     -9.214226    
  2.633243     -9.093038    
  2.633616    -100.00000    
  2.633642    -100.00000    
  2.634860     -9.814446    
  2.634886     -9.702696    
  2.637264     -8.942071    
  2.637290     -9.064576    
  2.640667     -9.495011    
  2.640693     -9.260487    
  2.642655     -8.957260    
  2.644608     -9.023683    
  2.644634     -9.008818    
  2.645884     -9.058378    
  2.645910     -9.054481    
  2.646467     -9.032896    
  2.646493     -9.068789    
  2.646793     -9.184065    
  2.646819     -9.093328    
  2.648509     -9.112325    
  2.648535     -9.165928    
  2.648569     -9.127525    
  2.650611     -9.018755    
  2.650637     -9.012111    
  2.652053     -8.943005    
  2.652079     -8.919432    
  2.652535     -8.954512    
  2.652561     -8.872785    
  2.653789     -8.820246    
  2.653815     -8.839896    
  2.654544     -8.879047    
  2.654570     -8.829043    
  2.655879    -100.00000    
  2.655905     -9.933176    
  2.656887     -9.184679    
  2.656913     -9.100189    
  2.656969     -9.069318    
  2.656995     -9.127183    
  2.657324     -8.830089    
  2.657350     -8.784105    
  2.657529     -8.575465    
  2.657556     -8.375307    
  2.658514     -8.017197    
  2.658540     -8.555981    
  2.659819     -9.043405    
  2.659845     -8.709633    
  2.661662     -9.490024    
  2.661688     -9.386405    
  2.661741     -9.396874    
  2.661767     -9.446473    
  2.662869     -9.247650    
  2.662895     -9.275690    
  2.662923     -9.293840    
  2.663217     -9.293923    
  2.663243     -9.271099    
  2.664942     -8.498420    
  2.664968     -8.504815    
  2.666637     -8.483298    
  2.668300     -8.759940    
  2.668327     -8.904608    
  2.669554     -8.637751    
  2.670779     -8.710840    
  2.670805     -8.733372    
  2.672474     -8.747765    
  2.674136     -8.628201    
  2.674162     -8.676895    
  2.675402     -8.485786    
  2.675428     -8.552483    
  2.676854     -8.413351    
  2.676880     -8.512466    
  2.677782     -8.831473    
  2.677808     -8.555997    
  2.679265     -8.563907    
  2.680718     -8.577807    
  2.682165     -8.510353    
  2.683608     -8.500977    
  2.683634     -8.492166    
  2.684647     -8.386541    
  2.685650     -8.494017    
  2.685677     -8.376473    
  2.685745     -8.412239    
  2.685771     -8.506675    
  2.686018     -8.977105    
  2.686044     -9.439649    
  2.686551     -8.741607    
  2.686577     -8.684290    
  2.687604     -8.497289    
  2.688629     -8.403138    
  2.688655     -8.327059    
  2.689773     -8.358930    
  2.690888     -8.309044    
  2.690914     -8.270512    
  2.690957     -8.270954    
  2.690983     -8.289067    
  2.692104     -8.297909    
  2.692663     -8.314639    
  2.693221     -8.356936    
  2.693247     -8.360890    
  2.693930     -8.449807    
  2.694611     -8.406086    
  2.695292     -8.334173    
  2.695971     -8.527130    
  2.696650     -8.370582    
  2.697327     -8.372016    
  2.698003     -8.407948    
  2.698678     -8.367268    
  2.698704     -8.386232    
  2.698747     -8.389644    
  2.698773     -8.398393    
  2.699173     -8.396974    
  2.699199     -8.381595    
  2.699707     -8.334756    
  2.700214     -8.412756    
  2.700240     -8.407388    
  2.700517     -8.405064    
  2.700543     -8.405686    
  2.700562     -8.406496    
  2.700588     -8.399974    
  2.701102     -8.530989    
  2.701616     -8.411110    
  2.702128     -8.216804    
  2.702641     -8.457841    
  2.702667     -8.465636    
  2.704263     -8.173071    
  2.704289     -8.249018    
  2.704778     -8.377657    
  2.704804     -8.357930    
  2.705149     -8.318437    
  2.705176     -8.176904    
  2.706354    -100.00000    
  2.706380     -9.466865    
  2.707338     -8.542455    
  2.707364     -8.550396    
  2.708243     -8.087212    
  2.708265     -8.072035    
  2.708291     -8.064987    
  2.708382     -8.045284    
  2.708408     -8.044068    
  2.709302     -7.954079    
  2.709328     -7.973513    
  2.710066     -7.594114    
  2.710092     -7.705711    
  2.712261     -7.922881    
  2.712287     -7.794758    
  2.716426     -7.846576    
  2.716452     -7.765452    
  2.716512     -7.786977    
  2.716538     -7.844120    
  2.718970     -7.790212    
  2.721389     -8.718413    
  2.721415     -9.230820    
  2.721822     -8.812261    
  2.721848     -8.897501    
  2.724988     -7.740953    
  2.725014     -7.766337    
  2.725160     -7.771077    
  2.725186     -7.770718    
  2.725284     -7.775056    
  2.725310     -7.776876    
  2.725772     -7.786656    
  2.725798     -7.785445    
  2.727554     -7.879407    
  2.727580     -7.841951    
  2.728176     -7.777898    
  2.728202     -7.806495    
  2.728398     -7.752166    
  2.728424     -7.742303    
  2.728587     -7.691248    
  2.728613     -7.650367    
  2.730067     -7.769382    
  2.730093     -8.496282    
  2.733184     -8.541641    
  2.733210     -8.140331    
  2.734192     -7.832764    
  2.734218     -7.826649    
  2.735929     -7.751758    
  2.735955     -7.775743    
  2.736022     -7.777276    
  2.736048     -7.786354    
  2.737089     -7.804774    
  2.737115     -7.772691    
  2.738198     -7.706773    
  2.738224     -7.718267    
  2.738774     -7.691665    
  2.738800     -7.710394    
  2.740331     -7.854289    
  2.740357     -7.946979    
  2.742489     -7.736193    
  2.742515     -7.660772    
  2.742845     -8.132224    
  2.742871     -8.851190    
  2.746971     -7.612165    
  2.746997     -7.630204    
  2.749427     -7.502042    
  2.751831     -7.492478    
  2.751857     -7.438747    
  2.752111     -7.370849    
  2.752137     -7.447469    
  2.753459     -7.515490    
  2.753485     -7.677198    
  2.754539     -7.434628    
  2.754566     -7.472146    
  2.754881     -7.525559    
  2.754907     -7.585312    
  2.755529     -7.626448    
  2.755555     -7.499221    
  2.758504     -7.478557    
  2.758531     -7.599949    
  2.759057     -7.437210    
  2.759083     -7.414087    
  2.759298     -7.262179    
  2.759324     -7.203174    
  2.759941     -7.404157    
  2.759967     -7.438331    
  2.760777     -7.812551    
  2.760803     -7.973065    
  2.762338     -7.460978    
  2.762364     -7.477560    
  2.763494     -7.339447    
  2.763520     -7.453884    
  2.764607     -7.665189    
  2.764634     -7.426971    
  2.764790     -7.357939    
  2.764816     -7.337944    
  2.765431     -7.572060    
  2.765457     -7.566616    
  2.765786     -7.552551    
  2.765812     -7.506618    
  2.766720     -7.703791    
  2.766746    -100.00000    
  2.767599     -7.728467    
  2.767625     -7.704736    
  2.768816     -7.522199    
  2.768842     -7.513333    
  2.768873     -7.512149    
  2.768899     -7.511108    
  2.769246     -7.515054    
  2.769273     -7.464269    
  2.770825     -7.406431    
  2.770851     -7.228915    
  2.772571     -7.360486    
  2.772597     -7.244835    
  2.775871     -7.296324    
  2.775898     -7.356800    
  2.777571     -7.513343    
  2.777597    -100.00000    
  2.781452     -7.255862    
  2.781478     -7.248609    
  2.783779     -7.220966    
  2.783805     -7.213801    
  2.786347     -7.604973    
  2.786373     -7.528890    
  2.787394     -7.407994    
  2.787420     -7.449331    
  2.789379     -7.212146    
  2.789405     -7.555214    
  2.792084     -7.213877    
  2.792110     -7.201938    
  2.795992     -7.089752    
  2.796018     -7.060003    
  2.799330     -7.095499    
  2.799356     -7.154772    
  2.799768     -7.125710    
  2.799795     -7.137668    
  2.800685     -7.144267    
  2.800711     -7.178650    
  2.802982     -7.212747    
  2.803008     -7.240538    
  2.805911     -7.132201    
  2.808794     -7.139964    
  2.811659     -7.113254    
  2.814504     -6.948971    
  2.814531     -7.070966    
  2.815805     -6.923046    
  2.815831     -7.029631    
  2.816461     -7.021382    
  2.816487     -7.014164    
  2.817048     -7.112790    
  2.817074     -6.957406    
  2.818601     -6.973891    
  2.818627     -7.456855    
  2.822346     -6.991394    
  2.826033     -6.917059    
  2.826059     -7.035181    
  2.829643     -6.961047    
  2.829669     -6.857071    
  2.833025     -7.466041    
  2.833051     -7.324474    
  2.836279     -7.264738    
  2.836305     -8.546722    
  2.836473     -8.204880    
  2.836499    -100.00000    
  2.839407     -6.075155    
  2.839433     -6.184481    
  2.840448     -7.106716    
  2.840474     -6.647389    
  2.844142     -6.894394    
  2.844168     -6.893282    
  2.844752     -6.804615    
  2.844778     -6.847543    
  2.845644     -6.853834    
  2.845670     -6.785955    
  2.846022     -6.893532    
  2.846048     -7.083748    
  2.846084     -7.176445    
  2.846110     -7.167807    
  2.846350     -7.042264    
  2.846376     -6.994874    
  2.846960     -6.821765    
  2.846986    -100.00000    
  2.850315     -6.801518    
  2.850341     -6.749319    
  2.851138     -6.512993    
  2.851164     -6.556137    
  2.851303     -6.592382    
  2.851329     -6.607688    
  2.851635     -6.693843    
  2.851661     -6.933243    
  2.853000     -6.841283    
  2.853026     -6.764462    
  2.853688     -6.757613    
  2.853714     -6.737242    
  2.856751     -6.894223    
  2.856777     -7.076888    
  2.859747     -6.752605    
  2.859773     -6.573278    
  2.863227     -7.128238    
  2.863253     -6.825308    
  2.864041     -6.757955    
  2.864067     -6.743448    
  2.864202     -6.732555    
  2.864228     -6.762527    
  2.866992     -6.743755    
  2.867018     -6.558245    
  2.867101     -6.563221    
  2.867127     -6.716997    
  2.869323     -6.710108    
  2.871507     -6.780334    
  2.871533     -6.742981    
  2.871590     -6.739015    
  2.871617     -6.734829    
  2.871996     -6.763639    
  2.872022     -6.733015    
  2.874358     -6.698628    
  2.874384     -6.992939    
  2.876673     -7.652701    
  2.876699     -7.025146    
  2.877153     -6.802747    
  2.877179     -6.595468    
  2.880574     -6.584518    
  2.880600     -6.632278    
  2.882343     -6.678587    
  2.882369     -6.683183    
  2.882700     -6.664326    
  2.882726     -7.331107    
  2.885367     -6.868139    
  2.885393     -6.597785    
  2.886410     -6.293293    
  2.886436     -6.298512    
  2.886684     -6.274639    
  2.886711     -6.257036    
  2.887586     -6.354138    
  2.887612     -6.391657    
  2.888537     -6.604869    
  2.888563     -6.588586    
  2.889344     -6.702535    
  2.889370     -6.869782    
  2.891995     -6.481571    
  2.892021     -6.666345    
  2.893735     -6.645809    
  2.893761     -6.606112    
  2.894101     -6.619361    
  2.894127     -6.635499    
  2.895125     -6.621587    
  2.895151     -6.604342    
  2.895520     -6.606849    
  2.895547     -6.607598    
  2.896797     -6.653479    
  2.896824     -6.684035    
  2.897817     -7.017620    
  2.897843     -6.746013    
  2.900619     -6.514682    
  2.900645     -6.549047    
  2.901366     -6.686846    
  2.901392     -6.712528    
  2.905057     -6.583130    
  2.905083     -6.458117    
  2.905579     -6.628003    
  2.905605     -6.687808    
  2.907884     -6.536828    
  2.907910     -6.520164    
  2.908129     -6.551367    
  2.908155     -6.551551    
  2.908507     -6.552783    
  2.908533     -6.550363    
  2.909451     -6.599684    
  2.909477     -6.647468    
  2.910120     -6.637511    
  2.910146     -7.167064    
  2.913205     -6.587541    
  2.916242     -6.468509    
  2.916268     -6.562431    
  2.916557     -6.573718    
  2.916584     -6.562200    
  2.916815     -6.535305    
  2.916841     -6.531216    
  2.917202     -6.569609    
  2.917228     -6.569122    
  2.917946     -6.511521    
  2.917972     -6.464599    
  2.921796     -7.051221    
  2.921822    -100.00000    
  2.925060     -6.366543    
  2.925086     -6.336979    
  2.925714     -6.379339    
  2.925740     -6.385467    
  2.925879     -6.390345    
  2.925905     -6.390576    
  2.925971     -6.391992    
  2.925997     -6.413149    
  2.927585     -6.513546    
  2.927611     -6.494719    
  2.927702     -6.504977    
  2.927728     -6.508980    
  2.927981     -6.519746    
  2.928007     -6.505545    
  2.928701     -6.475466    
  2.928727     -6.498521    
  2.929157     -6.445260    
  2.929183     -6.435251    
  2.929555     -6.467639    
  2.929581     -6.484487    
  2.929997     -6.545212    
  2.930023     -6.532802    
  2.930276     -6.537345    
  2.930302     -6.544824    
  2.930635     -6.535817    
  2.930661     -6.524330    
  2.930674     -6.521674    
  2.930700     -6.510619    
  2.930993     -6.452611    
  2.931020     -6.460708    
  2.931455     -6.569500    
  2.931481     -6.572158    
  2.932685     -6.453426    
  2.932711     -6.503173    
  2.934676     -6.531701    
  2.934702     -6.564581    
  2.935383     -6.448281    
  2.935409     -6.452894    
  2.936838     -6.520861    
  2.936864     -6.585716    
  2.937442     -6.439794    
  2.937468     -6.413329    
  2.937555     -6.406826    
  2.937581     -6.436905    
  2.939148     -6.522016    
  2.939174     -6.509791    
  2.939362     -6.470084    
  2.939388     -6.461583    
  2.942758     -6.466281    
  2.942785     -6.478229    
  2.943789     -6.439078    
  2.943815     -6.459917    
  2.943844     -6.462072    
  2.944299     -6.469554    
  2.944325     -6.457216    
  2.945296     -6.449954    
  2.945322     -6.476024    
  2.946304     -6.455520    
  2.946330     -6.443441    
  2.946717     -6.442919    
  2.946743     -6.445100    
  2.946776     -6.445767    
  2.946802     -6.465993    
  2.950801     -6.409403    
  2.950827     -6.428120    
  2.951318     -6.431050    
  2.951344     -6.433407    
  2.951741     -6.426490    
  2.951767     -6.427174    
  2.952632     -6.418068    
  2.952658     -6.436675    
  2.953349     -6.461932    
  2.953375     -6.431763    
  2.953780     -6.406722    
  2.953806     -6.415036    
  2.954021     -6.428727    
  2.954047     -6.428918    
  2.954374     -6.429577    
  2.954391     -6.429938    
  2.954417     -6.431962    
  2.954846     -6.421732    
  2.954872     -6.420011    
  2.955769     -6.415123    
  2.955795     -6.402747    
  2.956192     -6.439358    
  2.956218     -6.621927    
  2.956377     -6.678227    
  2.956403     -6.653157    
  2.956852     -6.460213    
  2.956878     -6.457844    
  2.957651     -6.410226    
  2.957677     -6.412353    
  2.957733     -6.410985    
  2.957759     -6.416846    
  2.958652     -6.390149    
  2.958678     -6.400025    
  2.958733     -6.407771    
  2.958753     -6.410631    
  2.958779     -6.401122    
  2.959227     -6.643359    
  2.959253     -6.634594    
  2.959299     -6.638603    
  2.959325     -6.647271    
  2.959550     -6.573705    
  2.959576     -6.550447    
  2.959605     -6.527365    
  2.959622     -6.512984    
  2.959648     -6.486983    
  2.959673     -6.458880    
  2.959699     -6.421140    
  2.959869     -6.266395    
  2.959895     -6.264184    
  2.959946     -6.258809    
  2.959972     -6.305624    
  2.960724     -6.412771    
  2.960751     -6.374973    
  2.961052     -6.388253    
  2.961078     -6.387723    
  2.961152     -6.388694    
  2.961178    -100.00000    
  2.963811     -5.611333    
  2.963837     -6.362922    
  2.965349     -5.907095    
  2.965375     -5.633282    
  2.965604     -5.478202    
  2.965631     -5.485827    
  2.969258     -5.266492    
  2.969284     -5.377722    
  2.969806     -5.672331    
  2.969832     -5.483593    
  2.973371     -5.038535    
  2.973397     -5.101941    
  2.975759     -5.194347    
  2.975785     -5.037868    
  2.976196     -5.015751    
  2.976222     -4.999120    
  2.978818     -5.713599    
  2.981393     -5.225434    
  2.981419     -4.966315    
  2.981911     -4.691651    
  2.981937     -4.763997    
  2.982453     -5.069311    
  2.982479     -5.033904    
  2.982902     -5.062324    
  2.982928     -5.196070    
  2.985851     -5.210341    
  2.988755     -5.266459    
  2.991639     -5.498027    
  2.994504     -5.041598    
  2.997351     -6.773552    
  3.000178     -5.210071    
  3.002988     -5.185570    
  3.005779     -5.277654    
  3.005806     -5.492705    
  3.006660     -4.980213    
  3.006686     -5.147359    
  3.007985     -5.276741    
  3.008011     -5.452975    
  3.008377     -5.249987    
  3.008403     -5.281597    
  3.008422     -5.278996    
  3.008449     -5.197864    
  3.012132     -5.227194    
  3.015785     -5.429072    
  3.019407     -5.321215    
  3.022999     -5.026223    
  3.023025     -5.028546    
  3.024692     -5.089044    
  3.024718     -5.066660    
  3.027002     -5.262903    
  3.027028     -5.073705    
  3.028469     -5.257295    
  3.028496     -5.322901    
  3.028525     -5.337051    
  3.028551     -5.506324    
  3.030734     -6.278410    
  3.032906     -5.039645    
  3.032932     -5.111258    
  3.037051     -5.225770    
  3.041131     -5.216828    
  3.041157     -5.065815    
  3.041192     -5.079890    
  3.041218     -5.103061    
  3.041743     -5.148542    
  3.041769     -5.112428    
  3.044049     -5.318869    
  3.044075     -5.147666    
  3.046448     -5.274467    
  3.046474     -5.205126    
  3.047296     -5.191686    
  3.047322     -5.167914    
  3.051393     -5.134523    
  3.051419     -5.256169    
  3.053164     -5.380069    
  3.053190     -5.652765    
  3.056650     -5.229890    
  3.056676     -5.352904    
  3.057784     -5.081796    
  3.057810     -5.116659    
  3.060993     -5.435023    
  3.064153     -5.130008    
  3.064179     -5.256341    
  3.067832     -5.310481    
  3.067858     -5.128368    
  3.071967     -6.090904    
  3.071993     -5.597860    
  3.074546     -4.959529    
  3.074572     -5.178893    
  3.077401     -5.255692    
  3.080211     -5.330795    
  3.083004     -5.545477    
  3.085779     -5.405962    
  3.085805     -5.163182    
  3.088194     -5.537707    
  3.088220     -5.135283    
  3.089253     -5.173718    
  3.089279     -5.181301    
  3.091880     -5.258105    
  3.091906     -5.160580    
  3.092972     -5.343250    
  3.092998     -5.348424    
  3.093275     -5.302083    
  3.093301     -5.254604    
  3.095382     -5.274629    
  3.095408     -5.215228    
  3.096210     -5.289857    
  3.096236     -5.320741    
  3.099421     -5.370000    
  3.099447     -5.015536    
  3.099999     -5.081704    
  3.100025     -5.242674    
  3.102791     -5.284097    
  3.105540     -5.274270    
  3.105566     -5.261786    
  3.108813     -5.205649    
  3.112036     -5.257878    
  3.112062     -5.250301    
  3.114717     -5.383001    
  3.114743     -5.288086    
  3.114932     -5.307375    
  3.114958     -5.315054    
  3.115849     -5.238545    
  3.115875     -5.224839    
  3.116210     -5.218051    
  3.116236     -5.231450    
  3.116288     -5.244466    
  3.116314     -5.287662    
  3.117008     -5.575054    
  3.117034     -5.235017    
  3.117770     -5.210237    
  3.117796     -5.230494    
  3.118254     -5.159324    
  3.118280     -5.174626    
  3.118920     -5.239023    
  3.118946     -5.228071    
  3.121185     -5.296375    
  3.123412     -5.251557    
  3.123438     -5.226642    
  3.124647     -5.262062    
  3.124673     -5.400220    
  3.126028     -5.294861    
  3.126054     -5.418677    
  3.127717     -5.216393    
  3.127743     -5.271177    
  3.129255     -5.418140    
  3.129281     -5.254766    
  3.132456     -5.281011    
  3.135607     -5.305186    
  3.135633     -5.320283    
  3.136213     -5.288422    
  3.136239     -5.317611    
  3.139077     -5.297488    
  3.139103     -5.255324    
  3.141139     -5.377461    
  3.141166     -5.330383    
  3.143607     -5.341062    
  3.143633     -5.375980    
  3.144132     -5.367127    
  3.144158     -5.336652    
  3.144987     -5.389807    
  3.145013    -100.00000    
  3.146789     -5.833320    
  3.146815     -5.689719    
  3.146918     -5.637406    
  3.146944     -5.611745    
  3.147826     -5.351103    
  3.147852     -5.433761    
  3.148759     -5.191752    
  3.148785     -5.059991    
  3.149778     -5.287831    
  3.149804     -5.213578    
  3.150669     -5.229286    
  3.150696     -5.246508    
  3.151307     -5.365500    
  3.151333     -5.332832    
  3.152574     -5.389172    
  3.152600     -5.368964    
  3.153099     -5.336056    
  3.153125     -5.320180    
  3.153411     -5.334137    
  3.153437     -5.346275    
  3.153464     -5.352085    
  3.153490     -5.387107    
  3.155047     -5.515408    
  3.155073     -5.441006    
  3.156105     -5.460690    
  3.156131     -5.461721    
  3.159449     -5.463243    
  3.159475     -5.401173    
  3.159789     -5.426799    
  3.159815     -5.416161    
  3.164039     -5.401283    
  3.164065     -5.410046    
  3.164664     -5.384886    
  3.164690     -5.416816    
  3.166009     -5.500005    
  3.166035     -5.452679    
  3.168014     -5.446142    
  3.168040     -5.465274    
  3.171700     -5.478624    
  3.171726     -5.443319    
  3.173608     -5.518832    
  3.173634     -5.491456    
  3.174198     -5.521032    
  3.174224     -5.501161    
  3.178220     -5.516909    
  3.178246     -5.492471    
  3.179496     -5.684196    
  3.179523     -5.629619    
  3.180493     -5.555370    
  3.180519     -5.516197    
  3.181705     -5.487835    
  3.181731     -5.496091    
  3.181840     -5.495680    
  3.181866     -5.496648    
  3.181990     -5.509897    
  3.182017     -5.680214    
  3.184999     -5.532296    
  3.185025     -5.477626    
  3.186118     -5.590998    
  3.186144     -5.824979    
  3.187507     -5.562243    
  3.187524     -5.566587    
  3.187550     -5.624960    
  3.188369     -5.877765    
  3.188395     -5.758371    
  3.189386     -5.693212    
  3.189412     -5.724578    
  3.189917     -5.725062    
  3.189943     -5.748449    
  3.190993     -6.957421    
  3.191019     -6.537072    
  3.191149     -6.512680    
  3.191176     -6.495249    
  3.192254     -6.154720    
  3.192280     -6.035585    
  3.194916     -5.445889    
  3.194942     -5.712149    
  3.196947     -5.750808    
  3.196973     -5.694119    
  3.199833     -5.690635    
  3.199859     -5.657239    
  3.202175     -5.696373    
  3.202201     -5.677963    
  3.203193     -5.659100    
  3.203219     -5.607897    
  3.204704     -5.640089    
  3.204730     -5.688764    
  3.207396     -5.640031    
  3.207422     -5.679512    
  3.209165     -5.624549    
  3.209192     -5.633603    
  3.209905     -5.696897    
  3.209931     -5.687018    
  3.211746     -5.653548    
  3.211772     -5.690551    
  3.213910     -5.588698    
  3.213936     -5.709284    
  3.217562     -5.581491    
  3.217588     -5.587099    
  3.217734     -5.639282    
  3.217760     -5.675570    
  3.218195     -5.686549    
  3.218221     -5.649769    
  3.218359     -5.605499    
  3.218385     -5.535790    
  3.221432     -5.623989    
  3.224458     -5.635334    
  3.224484     -5.636684    
  3.226728     -5.620986    
  3.228960     -5.543742    
  3.231181     -5.632014    
  3.233391     -5.633238    
  3.233417     -5.611614    
  3.235869     -5.635070    
  3.238307     -5.739060    
  3.240731     -5.628779    
  3.243142     -5.607979    
  3.243168     -5.655414    
  3.246203     -5.680368    
  3.249217     -5.617755    
  3.249243     -5.584198    
  3.251269     -5.709410    
  3.251295     -5.720530    
  3.251554     -5.659609    
  3.251580     -5.703436    
  3.254930     -5.653567    
  3.258254     -5.641124    
  3.258280     -5.604241    
  3.261671     -5.732991    
  3.261697     -5.661287    
  3.263492     -5.746622    
  3.263518     -5.716950    
  3.267500     -5.726965    
  3.271446     -5.861428    
  3.271472     -5.778743    
  3.273283     -5.719018    
  3.273309     -5.790457    
  3.276784     -5.722987    
  3.276810     -5.824067    
  3.279737     -6.034099    
  3.279763     -6.035190    
  3.279904     -6.093309    
  3.279930     -6.138820    
  3.281693     -5.772923    
  3.281719     -5.964889    
  3.283569     -5.859325    
  3.283595     -5.776260    
  3.285864     -5.989295    
  3.285890     -5.850282    
  3.288494     -6.047824    
  3.288521     -6.095846    
  3.289058     -5.900622    
  3.289085     -5.788556    
  3.291445     -5.880895    
  3.291471     -5.833229    
  3.292687     -5.778560    
  3.292713     -5.913198    
  3.294701     -5.960137    
  3.294727     -6.009141    
  3.295769     -5.944908    
  3.295795     -5.914643    
  3.295928     -5.934166    
  3.295954     -5.946998    
  3.296323     -6.023673    
  3.296349     -6.026992    
  3.296793     -5.856966    
  3.296819     -5.729081    
  3.299472     -5.784138    
  3.299498     -5.818662    
  3.301162     -6.006322    
  3.301188     -5.802980    
  3.302957     -6.116790    
  3.302983     -5.873890    
  3.305105     -5.894573    
  3.305131     -5.880603    
  3.306016     -5.832182    
  3.306042     -5.818072    
  3.306917     -5.886666    
  3.306943     -5.813499    
  3.309394     -5.735767    
  3.309420     -5.797731    
  3.309880     -5.835376    
  3.309906     -5.804832    
  3.310654     -5.757123    
  3.310680     -5.772940    
  3.311009     -5.766878    
  3.311035     -5.764070    
  3.311357     -5.835258    
  3.311383     -5.865617    
  3.311855     -6.017356    
  3.311881     -5.993632    
  3.312043     -5.990216    
  3.312069     -5.952940    
  3.315866     -5.850800    
  3.319630     -5.804235    
  3.319656     -5.751579    
  3.322697     -5.944458    
  3.325716     -5.843619    
  3.328715     -5.832375    
  3.331694     -5.776639    
  3.334652     -5.885848    
  3.337590     -5.824553    
  3.340508     -5.845833    
  3.343407     -5.834346    
  3.343433     -5.836059    
  3.347340     -5.836970    
  3.351212     -5.851575    
  3.351238     -5.848864    
  3.351711     -5.843511    
  3.351737     -5.861118    
  3.354728     -5.857123    
  3.357698     -5.862369    
  3.360649     -5.846921    
  3.363579     -6.335837    
  3.363605     -6.047388    
  3.365511     -5.709104    
  3.365537     -5.842052    
  3.367465     -5.888001    
  3.367491     -5.883964    
  3.367518     -5.891761    
  3.368345     -5.897197    
  3.368371     -5.906418    
  3.369799     -5.899351    
  3.369825     -5.915460    
  3.371854     -5.904170    
  3.371880     -5.918846    
  3.373656     -5.899338    
  3.373682     -5.904528    
  3.377642     -5.909712    
  3.377668     -5.910593    
  3.379189     -5.929067    
  3.379215     -5.915410    
  3.382117     -5.933198    
  3.382143     -5.925852    
  3.385913     -5.940066    
  3.385939     -5.946141    
  3.389822     -5.945792    
  3.389848     -5.953679    
  3.391164     -5.962804    
  3.391190     -5.949451    
  3.395069     -5.960769    
  3.395095     -5.964373    
  3.397989     -5.970827    
  3.398015     -5.971786    
  3.398446     -5.973057    
  3.398472     -5.978720    
  3.400885     -5.980310    
  3.400911     -5.980021    
  3.402458     -5.985838    
  3.402485     -6.012022    
  3.403625     -6.009753    
  3.403651     -5.995990    
  3.404157     -6.001305    
  3.404183     -5.994198    
  3.406906     -6.007462    
  3.409611     -6.029134    
  3.412300     -6.019528    
  3.414973     -6.027422    
  3.414999     -6.034612    
  3.419305     -6.034693    
  3.419331     -6.040694    
  3.422393     -6.046751    
  3.425434     -6.072509    
  3.428454     -6.070111    
  3.431452     -6.091556    
  3.431479     -6.087141    
  3.434953     -6.104278    
  3.434979     -6.090487    
  3.438935     -6.099110    
  3.442855     -6.118979    
  3.442881     -6.111902    
  3.444964     -6.115308    
  3.444990     -6.116716    
  3.447490     -6.114832    
  3.449964     -6.207024    
  3.449990     -6.165245    
  3.452474     -6.133326    
  3.454944     -6.158627    
  3.454970     -6.166245    
  3.457932     -6.159402    
  3.460873     -6.167580    
  3.463795     -6.175857    
  3.466698     -6.192444    
  3.466724     -6.200001    
  3.467614     -6.185263    
  3.467640     -6.185369    
  3.468776     -6.198945    
  3.468802     -6.198248    
  3.469484     -6.192800    
  3.469510     -6.193429    
  3.469535     -6.193419    
  3.469561     -6.193245    
  3.469873     -6.194450    
  3.469899     -6.194233    
  3.470209     -6.201093    
  3.470235     -6.208590    
  3.471210     -6.227909    
  3.471236     -6.212653    
  3.472958     -6.202466    
  3.472984     -6.205088    
  3.474130     -6.209926    
  3.474156     -6.211132    
  3.477552     -6.223236    
  3.480921     -6.237846    
  3.480947     -6.253932    
  3.483093     -6.234441    
  3.483119     -6.239215    
  3.485987     -6.249405    
  3.486013     -6.251948    
  3.486615     -6.251273    
  3.486641     -6.248891    
  3.490491     -6.260981    
  3.494307     -6.296577    
  3.494333     -6.275597    
  3.498611     -6.288047    
  3.502847     -6.303385    
  3.502873     -6.314844    
  3.503909     -6.302217    
  3.503935     -6.307567    
  3.504049     -6.306733    
  3.504075     -6.312794    
  3.505750     -6.324195    
  3.505776     -6.310841    
  3.505983     -6.314514    
  3.506009     -6.313498    
  3.506922     -6.313393    
  3.506948     -6.313677    
  3.507287     -6.315168    
  3.507313     -6.316898    
  3.511219     -6.328923    
  3.511245     -6.324674    
  3.513248     -6.351412    
  3.513274     -6.336284    
  3.515834     -6.342939    
  3.515860     -6.344709    
  3.515893     -6.345952    
  3.518219     -6.353265    
  3.520533     -6.362420    
  3.522835     -6.366299    
  3.525125     -6.373553    
  3.527403     -6.388103    
  3.529669     -6.388793    
  3.531923     -6.395811    
  3.534166     -6.403606    
  3.534192     -6.403914    
  3.535341     -6.407131    
  3.535367     -6.407589    
  3.539376     -6.416598    
  3.539403     -6.424736    
  3.541647     -6.424717    
  3.543879     -6.431604    
  3.543905     -6.431480    
  3.544530     -6.439449    
  3.544556     -6.439249    
  3.545185     -6.435070    
  3.545211     -6.437037    
  3.545491     -6.442311    
  3.545517     -6.445130    
  3.548458     -6.450754    
  3.548484     -6.454519    
  3.550178     -6.449983    
  3.550205     -6.458935    
  3.552184     -6.458977    
  3.552210     -6.458552    
  3.553416     -6.465538    
  3.553442     -6.467943    
  3.553493     -6.469328    
  3.553519     -6.474299    
  3.555658     -6.467534    
  3.555684     -6.471249    
  3.556758     -6.474692    
  3.556785     -6.470704    
  3.557726     -6.490945    
  3.557752     -6.499844    
  3.558877     -6.481450    
  3.558903     -6.484273    
  3.559141     -6.491136    
  3.559167     -6.492060    
  3.559322     -6.494390    
  3.559348     -6.499522    
  3.560882     -6.485648    
  3.560908     -6.488855    
  3.561003     -6.489624    
  3.561024     -6.489905    
  3.561050     -6.490267    
  3.561076     -6.490654    
  3.561161     -6.492580    
  3.561188     -6.493211    
  3.561399     -6.500923    
  3.561425     -6.501907    
  3.561492     -6.503875    
  3.561518     -6.505172    
  3.561733     -6.504214    
  3.561759     -6.502804    
  3.561929     -6.496214    
  3.561955     -6.493862    
  3.562293     -6.529242    
  3.565712     -6.429128    
  3.565738     -6.398245    
  3.568684     -6.438047    
  3.568710     -6.485021    
  3.572276     -6.443080    
  3.572302     -6.455301    
  3.575184     -6.467165    
  3.578046     -6.462419    
  3.580890     -6.465251    
  3.583716     -6.516127    
  3.583742     -6.468793    
  3.586195     -6.511606    
  3.588634     -6.484253    
  3.591060     -6.500411    
  3.593472     -6.525553    
  3.595871     -6.522338    
  3.598257     -6.517873    
  3.600630     -6.545243    
  3.602990     -6.579505    
  3.603016     -6.537651    
  3.606561     -6.552069    
  3.610077     -6.575863    
  3.610103     -6.564695    
  3.614107     -6.594036    
  3.618075     -6.620845    
  3.618101     -6.594864    
  3.619098     -6.594318    
  3.619124     -6.591596    
  3.620549     -6.617750    
  3.620575     -6.627730    
  3.621884     -6.617177    
  3.621910     -6.601789    
  3.623350     -6.614803    
  3.623376     -6.613509    
  3.625657     -6.619019    
  3.627926     -6.624536    
  3.627952     -6.625443    
  3.630143     -6.631290    
  3.630428     -6.630803    
  3.632323     -6.648247    
  3.632349     -6.654628    
  3.634351     -6.652087    
  3.634377     -6.648585    
  3.637591     -6.656427    
  3.637617     -6.636850    
  3.640932     -6.704678    
  3.644221     -6.679865    
  3.644248     -6.700038    
  3.646952     -6.699082    
  3.649641     -6.704821    
  3.652313     -6.711951    
  3.654968     -6.730074    
  3.654994     -6.751882    
  3.656771     -6.733364    
  3.656798     -6.725241    
  3.659416     -6.734297    
  3.659442     -6.737037    
  3.663645     -6.762930    
  3.663672     -6.754469    
  3.666918     -6.764930    
  3.670140     -6.776812    
  3.670166     -6.815459    
  3.673528     -6.770674    
  3.673554     -6.790293    
  3.676435     -6.798057    
  3.679298     -6.805228    
  3.682141     -6.815499    
  3.684966     -6.837777    
  3.684992     -6.825602    
  3.685363     -6.826020    
  3.685390     -6.826630    
  3.685421     -6.827244    
  3.687761     -6.834822    
  3.687787     -6.832604    
  3.688738     -6.844994    
  3.688764     -6.847027    
  3.688892     -6.846957    
  3.688918     -6.867039    
  3.690761     -6.870647    
  3.690787     -6.846225    
  3.691489     -6.847976    
  3.691515     -6.843047    
  3.694842     -6.873807    
  3.694868     -6.859225    
  3.695395     -6.876161    
  3.695421     -6.885605    
  3.695548     -6.898735    
  3.695574     -6.883008    
  3.699531     -6.871683    
  3.703451     -6.905996    
  3.707337     -6.909704    
  3.711188     -6.920955    
  3.711214     -6.928217    
  3.712650     -6.936779    
  3.713266     -6.936386    
  3.713292     -6.932462    
  3.715965     -6.940921    
  3.718622     -6.947946    
  3.718648     -6.948931    
  3.719507     -6.950013    
  3.719533     -6.950388    
  3.719809     -6.951424    
  3.719835     -6.948467    
  3.720772     -6.968082    
  3.720798     -6.965269    
  3.721949     -6.957086    
  3.721976     -6.959440    
  3.726014     -6.974620    
  3.726040     -6.973861    
  3.729224     -6.987778    
  3.729250     -6.990910    
  3.730799     -6.989250    
  3.730825     -6.991146    
  3.733074     -7.001047    
  3.733100     -7.000799    
  3.736642     -7.013194    
  3.740157     -7.026671    
  3.740183     -7.025184    
  3.740658     -7.026828    
  3.740684     -7.027941    
  3.742813     -7.036187    
  3.742839     -7.034682    
  3.743010     -7.035057    
  3.743036     -7.035322    
  3.745487     -7.044498    
  3.747926     -7.052988    
  3.747952     -7.053093    
  3.748402     -7.054935    
  3.748428     -7.055019    
  3.750148     -7.060989    
  3.750174     -7.061314    
  3.751807     -7.069338    
  3.751825     -7.066653    
  3.751851     -7.066467    
  3.752945     -7.071647    
  3.752971     -7.071428    
  3.753218     -7.072352    
  3.753244     -7.072479    
  3.753912     -7.074776    
  3.753938     -7.075003    
  3.754688     -7.077565    
  3.754715     -7.077538    
  3.755025     -7.079365    
  3.755051     -7.079682    
  3.755248     -7.082037    
  3.755274     -7.082649    
  3.755553     -7.085408    
  3.755579     -7.083733    
  3.758844     -7.099808    
  3.758870     -7.091347    
  3.762813     -7.111541    
  3.766720     -7.123178    
  3.770592     -7.144872    
  3.774430     -7.158225    
  3.774456     -7.150315    
  3.777991     -7.168319    
  3.778017     -7.166800    
  3.778151     -7.164952    
  3.781504     -7.176520    
  3.781530     -7.175368    
  3.785355     -7.191159    
  3.789147     -7.203348    
  3.792906     -7.218837    
  3.796633     -7.231468    
  3.796659     -7.232445    
  3.799528     -7.241798    
  3.802378     -7.252264    
  3.802405     -7.252057    
  3.802753     -7.253302    
  3.802779     -7.253265    
  3.804109     -7.258471    
  3.804136     -7.258560    
  3.805742     -7.264153    
  3.805768     -7.264113    
  3.806039     -7.264001    
  3.806065     -7.263354    
  3.806646     -7.266707    
  3.806672     -7.267330    
  3.807576     -7.271065    
  3.807602     -7.271111    
  3.808354     -7.273832    
  3.808380     -7.273940    
  3.809479     -7.277962    
  3.809505     -7.278018    
  3.809846     -7.279333    
  3.809872     -7.279375    
  3.810525     -7.281950    
  3.810551     -7.282108    
  3.811407     -7.285071    
  3.811433     -7.285236    
  3.811548     -7.285642    
  3.811574     -7.285731    
  3.811599     -7.285816    
  3.811625     -7.285862    
  3.812345     -7.288527    
  3.812371     -7.288509    
  3.814695     -7.298439    
  3.817007     -7.304841    
  3.819307     -7.317793    
  3.821595     -7.346732    
  3.821621     -7.317962    
  3.823807     -7.325378    
  3.825982     -7.344074    
  3.830301     -7.351404    
  3.830327     -7.354755    
  3.834271     -7.372010    
  3.838180     -7.381983    
  3.838207     -7.384489    
  3.840521     -7.392867    
  3.842823     -7.400797    
  3.842849     -7.400586    
  3.843871     -7.406324    
  3.843897     -7.405019    
  3.847941     -7.419491    
  3.851948     -7.444610    
  3.855919     -7.447354    
  3.859853     -7.464110    
  3.859879     -7.461452    
  3.862843     -7.476084    
  3.865788     -7.499799    
  3.865814     -7.487011    
  3.866065     -7.484585    
  3.866091     -7.487349    
  3.868658     -7.496950    
  3.871210     -7.509458    
  3.871236     -7.506354    
  3.873680     -7.515562    
  3.876111     -7.524688    
  3.878528     -7.534374    
  3.880932     -7.542364    
  3.880959     -7.542517    
  3.883813     -7.553207    
  3.886649     -7.563734    
  3.889466     -7.574185    
  3.892265     -7.584761    
  3.892291     -7.585060    
  3.894417     -7.594408    
  3.894443     -7.593122    
  3.895163     -7.595549    
  3.895189     -7.595948    
  3.898690     -7.608443    
  3.898716     -7.607735    
  3.900445     -7.618425    
  3.900462     -7.617309    
  3.900488     -7.615793    
  3.901329     -7.618438    
  3.901356     -7.619154    
  3.902300     -7.623380    
  3.902326     -7.621943    
  3.903658     -7.626889    
  3.903684     -7.626911    
  3.904238     -7.629320    
  3.904264     -7.629785    
  3.905415     -7.633306    
  3.905441     -7.633556    
  3.905995     -7.635732    
  3.906021     -7.635702    
  3.906888     -7.639953    
  3.906914     -7.640349    
  3.907705     -7.641989    
  3.907731     -7.642198    
  3.908373     -7.644774    
  3.908399     -7.644729    
  3.908503     -7.645037    
  3.908529     -7.648258    
  3.912223     -7.658856    
  3.912249     -7.659102    
  3.913098     -7.662120    
  3.913124     -7.662262    
  3.913216     -7.662642    
  3.913243     -7.662754    
  3.913438     -7.663535    
  3.913465     -7.663623    
  3.913745     -7.664765    
  3.913771     -7.664898    
  3.913800     -7.665034    
  3.913826     -7.665162    
  3.913873     -7.665409    
  3.913899     -7.665554    
  3.913915     -7.665647    
  3.913940     -7.665798    
  3.913967     -7.665947    
  3.914112     -7.666962    
  3.914138     -7.667507    
  3.916945     -7.675480    
  3.916971     -7.662230    
  3.920612     -7.672023    
  3.924221     -7.688859    
  3.927801     -7.707545    
  3.931352     -7.721223    
  3.931378     -7.713978    
  3.935116     -7.734700    
  3.938821     -7.746860    
  3.938847     -7.735184    
  3.941053     -7.760893    
  3.943248     -7.752849    
  3.945432     -7.779623    
  3.947605     -7.773380    
  3.951918     -7.794685    
  3.956189     -7.805976    
  3.956215     -7.813121    
  3.959412     -7.824399    
  3.962586     -7.829375    
  3.965737     -7.839863    
  3.968865     -7.876347    
  3.968891     -7.853447    
  3.972582     -7.868067    
  3.976241     -7.883912    
  3.979870     -7.892390    
  3.983469     -7.932776    
  3.983495     -7.906855    
  3.985959     -7.921046    
  3.988409     -7.926504    
  3.990846     -7.937576    
  3.993269     -7.946012    
  3.993295     -7.946078    
  3.995544     -7.954613    
  3.997782     -7.963094    
  3.997808     -7.964603    
  4.001416     -7.974974    
  4.004993     -8.006054    
  4.008542     -7.999586    
  4.012062     -8.017600    
  4.015553     -8.033015    
  4.019017     -8.044648    
  4.022453     -8.057044    
  4.025862     -8.070113    
  4.025888     -8.070026    
  4.029667     -8.087233    
  4.033413     -8.097147    
  4.033440     -8.098925    
  4.034804     -8.104525    
  4.034830     -8.102718    
  4.038396     -8.124643    
  4.038422     -8.115742    
  4.039117     -8.121165    
  4.039143     -8.106294    
  4.042356     -8.174619    
  4.042382     -8.132494    
  4.044890     -8.142459    
  4.047383     -8.156497    
  4.047409     -8.152322    
  4.047809     -8.153752    
  4.047835     -8.154052    
  4.047865     -8.154138    
  4.051262     -8.167194    
  4.054633     -8.180146    
  4.057978     -8.192002    
  4.061297     -8.205941    
  4.061323     -8.205792    
  4.064372     -8.217596    
  4.067400     -8.228997    
  4.070406     -8.240631    
  4.073392     -8.252310    
  4.073418     -8.252104    
  4.075738     -8.261101    
  4.078046     -8.269729    
  4.078072     -8.269902    
  4.080271     -8.278521    
  4.080297     -8.278558    
  4.080888     -8.280820    
  4.080914     -8.280951    
  4.080998     -8.281286    
  4.081024     -8.281388    
  4.081040     -8.281450    
  4.081066     -8.281453    
  4.082224     -8.285980    
  4.082250     -8.299646    
  4.084297     -8.293918    
  4.084323     -8.294199    
  4.086519     -8.302531    
  4.088705     -8.310686    
  4.093043     -8.328299    
  4.097338     -8.344337    
  4.101591     -8.360630    
  4.101617     -8.360698    
  4.105086     -8.374106    
  4.108527     -8.384603    
  4.111941     -8.417924    
  4.115328     -8.413264    
  4.118689     -8.426232    
  4.122025     -8.439300    
  4.125335     -8.452096    
  4.128620     -8.464933    
  4.128646     -8.464954    
  4.131400     -8.475659    
  4.134137     -8.486215    
  4.136856     -8.496637    
  4.139559     -8.507275    
  4.142245     -8.517600    
  4.144915     -8.527893    
  4.147568     -8.538536    
  4.150205     -8.548186    
  4.150231     -8.548516    
  4.153104     -8.559736    
  4.155957     -8.570789    
  4.155983     -8.570904    
  4.156244     -8.571937    
  4.156270     -8.572052    
  4.158133     -8.579232    
  4.158160     -8.579387    
  4.158947     -8.582300    
  4.158973     -8.582088    
  4.161758     -8.592949    
  4.161784     -8.593015    
  4.163410     -8.599573    
  4.163436     -8.599572    
  4.163793     -8.601337    
  4.163819     -8.601577    
  4.163989     -8.602742    
  4.164015     -8.604072    
  4.168129     -8.611956    
  4.172204     -8.627556    
  4.176241     -8.643067    
  4.180241     -8.660671    
  4.184204     -8.678321    
  4.188131     -8.691304    
  4.192024     -8.706502    
  4.195882     -8.725852    
  4.195908     -8.720027    
  4.198350     -8.733119    
  4.200780     -8.738704    
  4.203195     -8.751924    
  4.205597     -8.757432    
  4.207986     -8.765349    
  4.210362     -8.783327    
  4.212725     -8.784448    
  4.215075     -8.794787    
  4.217413     -8.807935    
  4.219738     -8.813487    
  4.222051     -8.821808    
  4.224351     -8.830221    
  4.226639     -8.839064    
  4.228916     -8.855964    
  4.231180     -8.857026    
  4.233433     -8.868571    
  4.233459     -8.866992    
  4.235750     -8.875147    
  4.238029     -8.884311    
  4.240296     -8.891876    
  4.242552     -8.919161    
  4.244795     -8.908154    
  4.247028     -8.919469    
  4.249248     -8.928399    
  4.251458     -8.936876    
  4.251484     -8.938369    
  4.255470     -8.952845    
  4.259419     -8.968136    
  4.259445     -8.969222    
  4.261746     -8.976985    
  4.261772     -8.985730    
  4.265747     -8.990485    
  4.265773     -8.993011    
  4.266098     -8.994349    
  4.266124     -8.994616    
  4.269803     -9.009108    
  4.273452     -9.017062    
  4.277070     -9.041553    
  4.280658     -9.047066    
  4.284217     -9.073573    
  4.287747     -9.077295    
  4.291249     -9.097943    
  4.294722     -9.102826    
  4.294748     -9.106945    
  4.297714     -9.118632    
  4.300661     -9.130441    
  4.303587     -9.142242    
  4.306494     -9.153663    
  4.309381     -9.164839    
  4.312250     -9.176167    
  4.315099     -9.187521    
  4.317931     -9.198450    
  4.320743     -9.208469    
  4.323538     -9.221263    
  4.326314     -9.232763    
  4.329073     -9.243002    
  4.331815     -9.253446    
  4.334540     -9.264363    
  4.337247     -9.276241    
  4.339938     -9.289039    
  4.339964     -9.284853    
  4.343714     -9.300316    
  4.347431     -9.315555    
  4.347457     -9.315305    
  4.350370     -9.326827    
  4.353264     -9.339388    
  4.353290     -9.338432    
  4.353671     -9.340012    
  4.353698     -9.340301    
  4.356104     -9.348717    
  4.356130     -9.349587    
  4.357295     -9.354185    
  4.357321     -9.354252    
  4.357613     -9.355428    
  4.357639     -9.355541    
  4.357809     -9.356215    
  4.357835     -9.356300    
  4.360667     -9.366449    
  4.363481     -9.375836    
  4.366277     -9.387023    
  4.369055     -9.398008    
  4.371816     -9.408959    
  4.374559     -9.419961    
  4.377285     -9.430631    
  4.379993     -9.441465    
  4.382685     -9.452971    
  4.385361     -9.464419    
  4.388020     -9.474513    
  4.390662     -9.484489    
  4.393289     -9.494048    
  4.395900     -9.507434    
  4.398496     -9.514994    
  4.401076     -9.526618    
  4.403640     -9.535158    
  4.406190     -9.547695    
  4.408725     -9.555715    
  4.411245     -9.569270    
  4.413751     -9.575476    
  4.416242     -9.585562    
  4.418719     -9.600961    
  4.421182     -9.604212    
  4.423631     -9.608243    
  4.426066     -9.618229    
  4.428488     -9.631516    
  4.430896     -9.646608    
  4.433291     -9.653514    
  4.435673     -9.662836    
  4.438042     -9.673097    
  4.440398     -9.681246    
  4.440424     -9.681905    
  4.442834     -9.693864    
  4.445231     -9.700743    
  4.445257     -9.701103    
  4.447541     -9.710228    
  4.449813     -9.719213    
  4.452073     -9.728232    
  4.454321     -9.737250    
  4.456558     -9.746383    
  4.458783     -9.755366    
  4.460997     -9.767686    
  4.463200     -9.771249    
  4.465392     -9.781366    
  4.467572     -9.789952    
  4.471901     -9.807146    
  4.476187     -9.824122    
  4.480431     -9.842033    
  4.512967     -9.971218    
  4.512994     -9.970663    
  4.514640     -9.978783    
  4.514666     -9.979961    
  4.515975     -9.981857    
  4.516001     -9.983144    
  4.516171     -9.983761    
  4.516198     -9.984497    
  4.585499     -10.26141    
  4.585525     -10.25479    
  4.648519     -10.50592    
  4.648545     -10.51002    
  4.649578     -10.51414    
  4.649604     -10.51425    
  4.649869     -10.51528    
  4.649895     -10.51538    
  4.650065     -10.51605    
  4.650091     -10.51618    
  4.709795     -10.75475    
  4.709821     -10.75448    
  4.765784     -10.97651    
  4.765810     -10.97540    
  4.765853     -10.97556    
  4.765875     -10.97564    
  4.765901     -10.97574    
  4.766049     -10.97632    
  4.766075     -10.97704    
  4.818511     -11.18519    
  4.818536     -11.18506    
  4.868125     -11.38080    
  4.868151     -11.37082    
  4.868182     -11.37109    
  4.868208     -11.37125    
  4.868354     -11.37447    
  4.868380     -11.28803    
  4.915120     -11.60057    
  4.915146     -11.56639    
  4.959480     -11.74091    
  4.959506     -11.74015    
  4.959673     -11.74092    
  4.959697     -11.74104    
  4.959723     -11.74117    
  4.959869     -11.74181    
  4.959895     -11.74257    
  5.002051     -11.90844    
  5.002077     -11.90867    
  5.042016     -12.06547    
  5.042042     -12.06514    
  5.042458     -12.06679    
  5.042484     -12.06689    
  5.042511     -12.06699    
  5.042654     -12.06757    
  5.042681     -12.06774    
  5.081068     -12.21839    
  5.081094     -12.21232    
  5.117599     -12.35724    
  5.117625     -12.36173    
  5.118035     -12.36338    
  5.118061     -12.36348    
  5.118087     -12.36358    
  5.118232     -12.36416    
  5.118258     -12.36441    
  5.153493     -12.50223    
  5.153519     -12.50158    
  5.187234     -12.63362    
  5.187260     -12.63352    
  5.187559     -12.63472    
  5.187585     -12.63482    
  5.187614     -12.63493    
  5.187756     -12.63546    
  5.187782     -12.63656    
  5.251210     -12.88351    
  5.251236     -12.88262    
  5.251962     -12.88537    
  5.251988     -12.88555    
  5.252125     -12.88608    
  5.252151     -12.87561    
  5.311781     -13.06726    
  5.311807     -13.11811    
  5.311888     -13.11841    
  5.311914     -13.11852    
  5.312051     -13.11897    
  5.312078     -13.11990    
  5.368109     -13.33577    
  5.368135     -13.33626    
  5.420767     -13.54012    
  5.420793     -13.53914    
  5.470414     -13.72616    
  5.470440     -13.72470    
  5.517376     -13.91093    
  5.517402     -13.91051    
  5.561929     -14.08003    
  5.561955     -14.07991    
  5.604308     -14.23401    
  5.604334     -14.24158    
  5.644714     -14.39020    
  5.644741     -14.40784    
  6.104299     -16.10293    
  6.322549     -16.68088    
  6.575405     -17.39282    
  6.850184     -18.11372    
  7.137468     -18.84782    
  7.431459     -19.62993    
  7.728926     -20.45951    
  8.028163     -21.30629    
  8.328294     -22.17620    
  8.628874     -23.09614    
  8.929679    -100.00000    
