 0.6915830     -166.6400    
 0.6916091     -166.6402    
 0.6950408     -166.6460    
 0.6950669    -100.00000    
 0.6981765     -165.7287    
 0.6982026     -165.6626    
 0.6989700    -100.00000    
 0.7265526    -100.00000    
 0.7524875     -151.1169    
 0.7525136     -150.6776    
 0.7562684     -149.9931    
 0.7562944    -100.00000    
 0.7903624    -100.00000    
 0.8219512     -134.8615    
 0.8219773     -134.3756    
 0.8256871     -133.7670    
 0.8257132     -133.7479    
 0.8270964     -133.4381    
 0.8271225     -133.4526    
 0.8287464     -133.0953    
 0.8287724    -100.00000    
 0.8615415    -100.00000    
 0.8920105    -100.00000    
 0.9204814    -100.00000    
 0.9472000     -112.6712    
 0.9472261    -100.00000    
 0.9610684     -110.5886    
 0.9610945    -100.00000    
 0.9737423     -109.1168    
 0.9737684     -108.9193    
 0.9757254     -108.7141    
 0.9757515    -100.00000    
 0.9780505     -107.2456    
 0.9780766    -100.00000    
  1.002006    -100.00000    
  1.024685    -100.00000    
  1.066772    -100.00000    
  1.105139    -100.00000    
  1.140390    -100.00000    
  1.172993    -100.00000    
  1.203318    -100.00000    
  1.231664    -100.00000    
  1.258272     -69.75177    
  1.258298    -100.00000    
  1.281083     -63.98278    
  1.281109    -100.00000    
  1.305160     -58.32565    
  1.305186    -100.00000    
  1.326915     -53.26579    
  1.326941    -100.00000    
  1.346694     -49.42780    
  1.346720    -100.00000    
  1.362546     -45.94361    
  1.362572    -100.00000    
  1.390897     -40.79388    
  1.390924    -100.00000    
  1.416635     -36.13076    
  1.416661    -100.00000    
  1.443021     -31.61745    
  1.443047    -100.00000    
  1.465962     -28.01186    
  1.465988    -100.00000    
  1.485873     -24.67307    
  1.485899    -100.00000    
  1.499967     -22.39779    
  1.499993    -100.00000    
  1.524019     -16.72623    
  1.546785    -100.00000    
  1.546812     -15.69104    
  1.576132    -100.00000    
  1.576158     -20.89957    
  1.604777    -100.00000    
  1.604803     -12.01302    
  1.629435    -100.00000    
  1.629461     -15.04334    
  1.655483    -100.00000    
  1.680033     -21.57751    
  1.703270     -20.66176    
  1.725326     -20.94230    
  1.725352     -20.89004    
  1.731789     -20.83299    
  1.731815     -20.82562    
  1.759985    -100.00000    
  1.786439    -100.00000    
  1.786465    -100.00000    
  1.816267    -100.00000    
  1.844155     -25.75133    
  1.844181    -100.00000    
  1.873455     -24.02852    
  1.873481    -100.00000    
  1.905852     -22.27970    
  1.905878     -22.13356    
  1.913985     -21.68416    
  1.914011     -21.86005    
  1.926739     -21.07150    
  1.926765     -21.02004    
  1.927492     -20.98431    
  1.927518    -100.00000    
  1.953099     -19.89562    
  1.953125    -100.00000    
  1.992547     -18.23796    
  1.992573     -18.03054    
  1.994242     -17.95826    
  1.994268     -17.95842    
  1.996583     -17.85810    
  1.996609     -17.85580    
  1.997969     -17.79726    
  1.997995     -17.85735    
  2.007452     -17.41643    
  2.007478     -17.49695    
  2.018315     -16.91809    
  2.018341     -16.84066    
  2.028139     -16.88073    
  2.028165     -16.89436    
  2.036834     -16.54992    
  2.036860     -16.76809    
  2.054806     -16.05801    
  2.054832     -15.95779    
  2.061074     -15.75040    
  2.061100     -16.21386    
  2.077560     -15.22407    
  2.077586     -15.21135    
  2.096009     -14.80104    
  2.096035     -14.93508    
  2.097335     -14.55323    
  2.097361     -14.64889    
  2.101549     -14.43583    
  2.101575     -14.42387    
  2.102614     -14.39664    
  2.102640     -14.39737    
  2.105856     -14.30562    
  2.105882     -14.30244    
  2.106131     -14.29473    
  2.106157     -14.29913    
  2.111538     -14.14080    
  2.111564     -14.14089    
  2.111972     -14.13077    
  2.111998     -14.10142    
  2.119253     -13.98368    
  2.119279     -13.94524    
  2.124259     -13.85289    
  2.124285     -13.83277    
  2.127003     -13.75051    
  2.127029     -13.76552    
  2.127689     -13.76921    
  2.127715     -13.70117    
  2.137516     -13.68278    
  2.137543     -13.49099    
  2.138167     -13.48131    
  2.138193     -13.40494    
  2.149401     -13.38710    
  2.149427     -13.20409    
  2.150323     -13.20933    
  2.150349     -13.20054    
  2.150451     -13.19233    
  2.150478     -13.18043    
  2.156771     -12.96589    
  2.156797     -12.94495    
  2.158990     -12.90713    
  2.159016     -12.89988    
  2.168085     -12.85880    
  2.168111     -12.74438    
  2.177634     -12.47136    
  2.177660     -12.45034    
  2.181761     -12.32538    
  2.181787     -12.45068    
  2.188475     -12.18496    
  2.188501     -12.21729    
  2.202392     -11.90592    
  2.202418     -11.78489    
  2.204200     -11.72796    
  2.204226     -11.69823    
  2.209967     -11.56441    
  2.209993     -11.35868    
  2.217868     -11.04994    
  2.217894     -11.10908    
  2.217973     -11.10496    
  2.217999     -11.10121    
  2.218346     -11.07484    
  2.218372     -11.07424    
  2.218718     -11.08166    
  2.218745     -11.10714    
  2.225651     -10.95880    
  2.232450     -11.78630    
  2.232476     -11.66381    
  2.234725     -10.93377    
  2.234751     -11.08358    
  2.239647     -11.13695    
  2.239673     -10.72938    
  2.242461     -10.97936    
  2.242487     -10.76547    
  2.243634     -10.88043    
  2.243660     -10.89271    
  2.245376     -10.63145    
  2.245402     -10.70275    
  2.250751     -10.90188    
  2.250777     -10.92608    
  2.253726     -10.46253    
  2.253752     -10.35383    
  2.257114     -10.80550    
  2.260450    -100.00000    
  2.263761     -10.25541    
  2.267047     -10.23284    
  2.267073     -10.19426    
  2.270520     -10.03262    
  2.270546     -10.07208    
  2.271659     -10.06890    
  2.271685     -10.06336    
  2.271838     -10.06847    
  2.271864     -10.23010    
  2.273764    -100.00000    
  2.273790     -11.03718    
  2.275848     -10.25317    
  2.275875     -10.10069    
  2.278055     -9.690421    
  2.278081     -9.735819    
  2.280272     -9.921894    
  2.280298     -9.878764    
  2.283835     -9.948715    
  2.283861     -9.968398    
  2.285263     -9.917963    
  2.285289     -9.913718    
  2.286319     -9.795536    
  2.286345     -9.793268    
  2.286816     -9.792450    
  2.286843     -9.979839    
  2.289444     -9.970633    
  2.292031     -9.304834    
  2.294602    -100.00000    
  2.297158     -10.20260    
  2.297184     -10.14738    
  2.298013     -9.649552    
  2.298039     -9.511477    
  2.299510     -9.518166    
  2.299536     -9.837537    
  2.301188     -9.458327    
  2.302835     -9.291509    
  2.304475     -9.148347    
  2.306109     -9.595630    
  2.306135     -9.347564    
  2.307390     -9.566804    
  2.308642     -10.16331    
  2.308668     -10.14561    
  2.310145     -9.634224    
  2.311618     -8.986392    
  2.313085     -9.767501    
  2.314548     -9.176958    
  2.314574     -9.199068    
  2.315022     -9.452612    
  2.315048     -9.452383    
  2.315628     -9.360418    
  2.315654     -9.207148    
  2.316640     -10.15274    
  2.317624     -9.986587    
  2.317650     -9.939582    
  2.318472     -9.645010    
  2.318499     -9.655989    
  2.319125     -9.444719    
  2.319151     -9.468812    
  2.320138     -8.955801    
  2.321123     -8.948874    
  2.322105     -9.510809    
  2.323085     -9.497984    
  2.323111     -9.506052    
  2.324238     -9.174336    
  2.324264     -9.163193    
  2.325142     -9.044088    
  2.326019     -9.005666    
  2.326894     -9.322730    
  2.327767     -9.191765    
  2.327793     -9.143707    
  2.328784     -9.091688    
  2.329773     -8.988440    
  2.330760     -9.643179    
  2.331745     -9.755386    
  2.331771     -9.740363    
  2.332451     -9.491718    
  2.333131     -9.278104    
  2.333157     -9.304155    
  2.333940     -8.934221    
  2.334721     -8.663724    
  2.334747     -8.638189    
  2.335758     -8.856476    
  2.336767     -9.161215    
  2.337773     -8.779318    
  2.338777     -8.868742    
  2.338803     -8.900472    
  2.339391     -8.912179    
  2.339977     -8.878583    
  2.340563     -8.872325    
  2.341149     -8.856026    
  2.341175     -8.854267    
  2.341313     -8.849878    
  2.341339     -8.849657    
  2.341416     -8.847424    
  2.341442     -8.846242    
  2.341995     -8.842694    
  2.342548     -8.842134    
  2.342574     -8.843575    
  2.343152     -8.824120    
  2.343730     -8.812329    
  2.344307     -8.807474    
  2.344884     -8.784532    
  2.344910     -8.780464    
  2.345914     -8.786035    
  2.346415     -8.795207    
  2.346916     -8.789536    
  2.347416     -8.749706    
  2.347915     -9.074352    
  2.348414     -9.216603    
  2.348912     -9.010909    
  2.348938     -9.014235    
  2.349663     -8.784756    
  2.350387     -8.725545    
  2.350413     -8.729713    
  2.351174     -8.720773    
  2.351935     -8.664282    
  2.352694     -8.608246    
  2.353452     -8.587041    
  2.353478     -8.583650    
  2.354014     -8.585028    
  2.354040     -8.586902    
  2.354826     -8.587963    
  2.355610     -8.566130    
  2.356393     -8.569350    
  2.357175     -8.523248    
  2.357201     -8.519166    
  2.357613     -8.487932    
  2.357639     -8.367659    
  2.360689     -8.537407    
  2.360715     -8.445715    
  2.361482     -8.488986    
  2.361508     -8.510366    
  2.370561     -8.412602    
  2.370587     -8.690177    
  2.372143     -8.019710    
  2.372169     -7.960061    
  2.373576     -7.925398    
  2.373602     -7.775868    
  2.376732     -9.015226    
  2.376758    -100.00000    
  2.381432     -7.737401    
  2.381458     -7.475371    
  2.381604     -7.457271    
  2.381630     -7.448338    
  2.382020     -7.455896    
  2.382046     -7.606361    
  2.384696     -7.924640    
  2.384723     -7.666573    
  2.387156    -100.00000    
  2.387182     -8.281097    
  2.387250     -8.241304    
  2.387276     -8.094620    
  2.397757     -7.714122    
  2.397783     -7.460740    
  2.403737     -7.530846    
  2.403763     -7.512909    
  2.405849     -7.500182    
  2.405875     -7.507375    
  2.406950     -7.483224    
  2.406976     -7.364507    
  2.409375     -8.283830    
  2.409401     -9.320120    
  2.409997     -8.632599    
  2.410023    -100.00000    
  2.411532     -7.542283    
  2.411558     -7.642798    
  2.413129     -6.907020    
  2.413155     -6.959995    
  2.414139     -7.678881    
  2.414165     -7.334219    
  2.414800     -7.159083    
  2.414826     -7.249793    
  2.417258     -7.228129    
  2.417284     -7.269283    
  2.417479     -7.270631    
  2.417505     -7.327976    
  2.419934     -7.370557    
  2.419960     -7.131213    
  2.429044     -6.746728    
  2.429070     -6.858894    
  2.429812     -7.766967    
  2.429838     -7.273836    
  2.429941     -7.161481    
  2.429968     -6.556245    
  2.433545     -6.841929    
  2.433571     -6.884889    
  2.434793     -6.701118    
  2.434819     -6.794169    
  2.435600     -6.716476    
  2.435626     -6.774993    
  2.438130     -7.383716    
  2.438156     -6.889226    
  2.438775     -6.575137    
  2.438801     -6.294917    
  2.441117     -6.592539    
  2.441143     -6.672561    
  2.441622     -6.368872    
  2.441648     -6.283667    
  2.443145     -6.962631    
  2.443172     -6.753603    
  2.446855     -6.586003    
  2.446881     -8.719271    
  2.448077     -7.321442    
  2.448103     -7.197223    
  2.449403     -6.839488    
  2.449429     -6.346287    
  2.454802     -6.376840    
  2.454828     -6.707804    
  2.455220     -6.723547    
  2.455246     -6.778872    
  2.455715     -6.429651    
  2.455741     -6.374699    
  2.456057     -6.219380    
  2.456083     -6.227144    
  2.457136     -6.103861    
  2.457162     -6.013821    
  2.460232     -6.496911    
  2.460258     -6.445623    
  2.460625     -6.479243    
  2.460651     -6.486656    
  2.461200     -6.362469    
  2.461226     -6.362152    
  2.461623     -6.247846    
  2.461649     -6.025115    
  2.465081     -6.256266    
  2.465107     -6.100205    
  2.466316     -6.801007    
  2.466342     -6.454508    
  2.467007     -6.433749    
  2.467033     -6.499747    
  2.469850     -6.241154    
  2.469876     -6.381275    
  2.470870     -6.577133    
  2.470896     -6.534833    
  2.471160     -6.488661    
  2.471186     -6.478288    
  2.471286     -6.447117    
  2.471312     -6.442820    
  2.471592     -6.317218    
  2.471618     -6.299685    
  2.471859     -6.251988    
  2.471885     -6.418131    
  2.473938     -6.228440    
  2.473964     -6.329823    
  2.476473     -5.810719    
  2.476499     -6.096052    
  2.476658     -6.219256    
  2.476684     -6.272612    
  2.477008     -6.802346    
  2.477034     -6.960795    
  2.479576     -5.758883    
  2.479602     -5.788303    
  2.483495     -6.191416    
  2.483521     -6.696739    
  2.483855     -6.491529    
  2.483881     -6.476587    
  2.484161     -6.362444    
  2.484187     -6.345091    
  2.484225     -6.324927    
  2.484298     -6.285728    
  2.484324     -6.270995    
  2.484548     -6.176024    
  2.484574     -6.390440    
  2.487068     -5.682022    
  2.487094     -5.627020    
  2.490987     -5.383731    
  2.491013     -5.488739    
  2.491430     -5.997594    
  2.491456     -6.022509    
  2.493829     -6.069886    
  2.493855     -5.683927    
  2.494479     -5.958290    
  2.494505     -6.521541    
  2.496138    -100.00000    
  2.496164     -7.187879    
  2.497264     -6.442406    
  2.497290     -6.352943    
  2.497709     -5.977425    
  2.497735     -5.950726    
  2.498054     -5.731283    
  2.498080     -5.635398    
  2.501933     -5.691247    
  2.501959     -5.777698    
  2.503950     -5.392612    
  2.503976     -5.471460    
  2.504100     -5.483225    
  2.504126     -5.603265    
  2.506222     -5.459662    
  2.506248     -5.278538    
  2.506887     -5.100239    
  2.506913     -5.105932    
  2.507076     -5.207769    
  2.507102     -5.239476    
  2.507234     -5.418704    
  2.507260    -100.00000    
  2.508936     -5.352139    
  2.508962     -5.045169    
  2.509000     -5.048137    
  2.509026     -5.105179    
  2.509852     -6.055696    
  2.509878     -5.616415    
  2.510053     -5.600735    
  2.510079     -5.855441    
  2.511786     -5.696834    
  2.511813     -5.169279    
  2.512377     -5.438403    
  2.512404     -5.689313    
  2.514206     -5.363156    
  2.514232     -5.428813    
  2.515517     -5.728745    
  2.515543     -5.708016    
  2.515749     -5.675900    
  2.515775     -5.677804    
  2.515839     -5.681271    
  2.515866     -5.685036    
  2.515902     -5.692042    
  2.515928     -5.813165    
  2.516736     -5.650448    
  2.516763     -5.509085    
  2.516973     -5.295712    
  2.516999     -5.044878    
  2.517971     -5.106731    
  2.517997     -5.636604    
  2.518475     -6.261498    
  2.518501     -6.078770    
  2.519371     -5.661026    
  2.519397     -5.463231    
  2.523458     -5.662590    
  2.523485     -5.098064    
  2.526015     -5.338601    
  2.528531     -6.243426    
  2.528557     -5.633353    
  2.532645     -5.237724    
  2.532671     -5.518787    
  2.533864     -5.371105    
  2.533890     -5.322052    
  2.536637     -5.360958    
  2.539367     -5.244723    
  2.539394     -5.295182    
  2.542501     -5.463072    
  2.542527     -5.429921    
  2.544716     -5.051868    
  2.544742     -5.782809    
  2.546838     -5.520752    
  2.546864     -5.491136    
  2.547359     -5.277569    
  2.547385     -5.270024    
  2.547467     -5.255382    
  2.547493     -5.451046    
  2.551148     -5.255050    
  2.551174     -5.214120    
  2.551788     -5.568348    
  2.551814     -5.153702    
  2.555525     -5.286946    
  2.555551     -5.078929    
  2.558413     -5.703665    
  2.558439     -5.430299    
  2.558900     -5.338951    
  2.558926     -5.109090    
  2.562365     -4.979311    
  2.562391     -5.371001    
  2.562708     -5.606057    
  2.562735     -5.569203    
  2.565530     -5.043407    
  2.568307     -5.144421    
  2.568333     -4.618861    
  2.568399     -4.590553    
  2.568425     -4.565086    
  2.568740     -4.903336    
  2.568765     -4.984529    
  2.568792     -5.383284    
  2.571346     -4.843101    
  2.571372     -4.897495    
  2.571520     -4.882203    
  2.571546     -4.855304    
  2.573817     -4.983929    
  2.576076     -4.609153    
  2.576102    -100.00000    
  2.579478     -4.754865    
  2.582828     -5.098532    
  2.582854     -4.808197    
  2.584966     -5.197157    
  2.584992     -5.828558    
  2.586240     -5.670642    
  2.586266     -4.901579    
  2.588283     -5.377425    
  2.588309     -5.476302    
  2.589445     -5.341519    
  2.589471     -5.333079    
  2.590629     -5.278354    
  2.590655     -5.278456    
  2.592847     -5.021212    
  2.595028     -5.238675    
  2.595054     -4.534457    
  2.596291     -4.854825    
  2.596317     -6.091872    
  2.596347    -100.00000    
  2.597676     -5.249938    
  2.597703     -5.271108    
  2.599443     -4.872625    
  2.599469     -4.896465    
  2.600950     -7.375641    
  2.600976     -4.963540    
  2.603363     -4.840890    
  2.603390     -4.526858    
  2.606269     -5.125566    
  2.606295     -4.953695    
  2.606355     -4.956945    
  2.606381     -4.956032    
  2.607088     -5.144947    
  2.607114     -5.135674    
  2.607268     -5.116878    
  2.607294     -5.108316    
  2.607422     -5.060198    
  2.607448     -5.047996    
  2.607583     -4.986882    
  2.607610     -4.981830    
  2.608822     -4.695515    
  2.608848     -4.781943    
  2.611614     -4.592912    
  2.614363     -4.934187    
  2.614389     -4.710036    
  2.617047     -4.749293    
  2.619690     -4.598975    
  2.619716     -4.806705    
  2.620810     -4.475697    
  2.620836     -4.423313    
  2.620889     -4.410793    
  2.620915     -4.350329    
  2.621993     -4.368622    
  2.622019     -4.932792    
  2.625501     -4.793509    
  2.625527     -4.261524    
  2.626327     -5.073361    
  2.626353     -4.701376    
  2.627054     -4.878565    
  2.627080     -4.719240    
  2.630159     -4.510214    
  2.633217     -4.859762    
  2.633243     -4.626372    
  2.633616     -4.868625    
  2.633642     -4.875449    
  2.634860     -5.050983    
  2.634886     -5.177421    
  2.637264     -4.705496    
  2.637290     -4.574357    
  2.640667     -4.529571    
  2.640693     -4.686357    
  2.642655     -4.857716    
  2.644608     -4.546699    
  2.644634     -4.580881    
  2.645884     -4.487610    
  2.645910     -4.437307    
  2.646467     -4.871132    
  2.646493     -4.926266    
  2.646793     -4.923600    
  2.646819     -4.777865    
  2.648509     -4.304779    
  2.648535     -4.326437    
  2.648569     -4.321226    
  2.650611     -4.308320    
  2.650637     -4.254755    
  2.652053     -4.586566    
  2.652079     -4.482818    
  2.652535     -4.490247    
  2.652561     -4.518004    
  2.653789     -4.617616    
  2.653815     -4.564255    
  2.654544     -4.624643    
  2.654570     -4.568320    
  2.655879     -4.433021    
  2.655905     -4.293120    
  2.656887     -4.464108    
  2.656913     -4.491343    
  2.656969     -4.498710    
  2.656995     -4.502272    
  2.657324     -4.524901    
  2.657350     -4.527752    
  2.657529     -4.546812    
  2.657556     -4.579127    
  2.658514     -4.503969    
  2.658540     -4.544063    
  2.659819     -4.647741    
  2.659845     -4.421727    
  2.661662     -4.345212    
  2.661688     -4.460388    
  2.661741     -4.464022    
  2.661767     -4.483609    
  2.662869     -4.376932    
  2.662895     -4.412293    
  2.662923     -4.419522    
  2.663217     -4.481795    
  2.663243     -4.472003    
  2.664942     -4.806162    
  2.664968     -5.028773    
  2.666637     -4.507109    
  2.668300     -4.298210    
  2.668327     -4.365684    
  2.669554     -4.257276    
  2.670779     -4.646306    
  2.670805     -4.406435    
  2.672474     -4.346235    
  2.674136     -4.530296    
  2.674162     -4.446836    
  2.675402     -4.719466    
  2.675428     -4.655832    
  2.676854     -4.601294    
  2.676880     -4.559532    
  2.677782     -4.691486    
  2.677808     -4.597952    
  2.679265     -4.368226    
  2.680718     -4.323411    
  2.682165     -4.280121    
  2.683608     -4.397513    
  2.683634     -4.351427    
  2.684647     -4.505188    
  2.685650     -4.392677    
  2.685677     -4.343616    
  2.685745     -4.328883    
  2.685771     -4.319139    
  2.686018     -4.315652    
  2.686044     -4.315927    
  2.686551     -4.557471    
  2.686577     -4.640610    
  2.687604     -4.410492    
  2.688629     -4.407470    
  2.688655     -4.324458    
  2.689773     -4.538592    
  2.690888     -4.555661    
  2.690914     -4.496770    
  2.690957     -4.493441    
  2.690983     -4.496414    
  2.692104     -4.503776    
  2.692663     -4.539527    
  2.693221     -4.414733    
  2.693247     -4.413606    
  2.693930     -4.412607    
  2.694611     -4.297167    
  2.695292     -4.302656    
  2.695971     -4.303018    
  2.696650     -4.423945    
  2.697327     -4.350076    
  2.698003     -4.316474    
  2.698678     -4.402481    
  2.698704     -4.403489    
  2.698747     -4.402633    
  2.698773     -4.401105    
  2.699173     -4.351106    
  2.699199     -4.354469    
  2.699707     -4.419656    
  2.700214     -4.367458    
  2.700240     -4.372180    
  2.700517     -4.411525    
  2.700543     -4.417871    
  2.700562     -4.420981    
  2.700588     -4.442756    
  2.701102     -4.395742    
  2.701616     -4.414891    
  2.702128     -4.474673    
  2.702641     -4.411420    
  2.702667     -4.488511    
  2.704263     -4.265442    
  2.704289     -4.272121    
  2.704778     -4.394895    
  2.704804     -4.442374    
  2.705149     -4.597346    
  2.705176     -4.502026    
  2.706354     -4.741318    
  2.706380     -4.338192    
  2.707338     -4.623332    
  2.707364     -4.377746    
  2.708243     -4.710974    
  2.708265     -4.332505    
  2.708291     -4.328568    
  2.708382     -4.352081    
  2.708408     -4.427578    
  2.709302     -4.600389    
  2.709328     -4.794212    
  2.710066     -4.693978    
  2.710092     -4.636157    
  2.712261     -4.269340    
  2.712287     -4.456177    
  2.716426     -4.515474    
  2.716452     -4.680169    
  2.716512     -4.722370    
  2.716538     -4.901079    
  2.718970     -4.398610    
  2.721389     -4.309449    
  2.721415     -4.347910    
  2.721822     -4.391717    
  2.721848     -4.250576    
  2.724988     -4.423877    
  2.725014     -4.821998    
  2.725160     -4.897365    
  2.725186     -4.899690    
  2.725284     -4.903988    
  2.725310     -4.964538    
  2.725772     -4.628831    
  2.725798     -4.337065    
  2.727554     -4.461643    
  2.727580     -4.609523    
  2.728176     -4.844246    
  2.728202     -4.745454    
  2.728398     -4.604564    
  2.728424     -4.582125    
  2.728587     -4.485034    
  2.728613     -4.382958    
  2.730067     -4.471372    
  2.730093     -4.366668    
  2.733184     -4.548494    
  2.733210     -4.392199    
  2.734192     -4.815799    
  2.734218     -5.023186    
  2.735929     -4.495784    
  2.735955     -4.520937    
  2.736022     -4.552148    
  2.736048     -4.685497    
  2.737089     -4.514271    
  2.737115     -4.541815    
  2.738198     -4.733116    
  2.738224     -4.710040    
  2.738774     -4.610580    
  2.738800     -4.514503    
  2.740331     -4.604720    
  2.740357     -4.418353    
  2.742489     -4.659442    
  2.742515     -4.601479    
  2.742845     -4.618306    
  2.742871     -5.022245    
  2.746971     -4.897968    
  2.746997     -4.848747    
  2.749427     -4.222319    
  2.751831     -4.316179    
  2.751857     -4.341261    
  2.752111     -4.312349    
  2.752137     -4.298996    
  2.753459     -4.215933    
  2.753485     -4.332138    
  2.754539     -4.339075    
  2.754566     -4.347788    
  2.754881     -4.307370    
  2.754907     -4.280610    
  2.755529     -4.311118    
  2.755555     -4.349913    
  2.758504     -4.552440    
  2.758531     -4.448566    
  2.759057     -4.312354    
  2.759083     -4.320182    
  2.759298     -4.348984    
  2.759324     -4.379242    
  2.759941     -4.434587    
  2.759967     -4.386161    
  2.760777     -4.227046    
  2.760803     -4.247665    
  2.762338     -4.394454    
  2.762364     -4.293427    
  2.763494     -4.506879    
  2.763520     -4.551699    
  2.764607     -4.290961    
  2.764634     -4.349164    
  2.764790     -4.373083    
  2.764816     -4.387713    
  2.765431     -4.480253    
  2.765457     -4.452017    
  2.765786     -4.366964    
  2.765812     -4.320671    
  2.766720     -4.396341    
  2.766746     -4.460876    
  2.767599     -4.613579    
  2.767625     -4.499938    
  2.768816     -4.390004    
  2.768842     -4.461909    
  2.768873     -4.467741    
  2.768899     -4.481066    
  2.769246     -4.483347    
  2.769273     -4.421723    
  2.770825     -4.643188    
  2.770851     -4.774941    
  2.772571     -4.384943    
  2.772597     -4.433820    
  2.775871     -4.324741    
  2.775898     -4.324293    
  2.777571     -4.453011    
  2.777597     -4.450554    
  2.781452     -4.649854    
  2.781478     -4.591060    
  2.783779     -4.411888    
  2.783805     -4.446851    
  2.786347    -100.00000    
  2.786373     -5.107625    
  2.787394     -4.648023    
  2.787420     -4.600891    
  2.789379     -4.296086    
  2.789405     -4.173706    
  2.792084     -4.374365    
  2.792110     -4.464590    
  2.795992     -4.257215    
  2.796018     -4.324263    
  2.799330     -4.871006    
  2.799356     -4.686037    
  2.799768     -4.798100    
  2.799795     -4.971721    
  2.800685     -5.065030    
  2.800711     -4.957933    
  2.802982     -4.244717    
  2.803008     -4.141007    
  2.805911     -4.267926    
  2.808794     -4.296569    
  2.811659     -4.250331    
  2.814504     -4.347617    
  2.814531     -4.319364    
  2.815805     -4.299568    
  2.815831     -4.358854    
  2.816461     -4.305486    
  2.816487     -4.275330    
  2.817048     -4.297322    
  2.817074     -4.334599    
  2.818601     -4.254605    
  2.818627     -4.262617    
  2.822346     -4.404662    
  2.826033     -4.268295    
  2.826059     -4.245372    
  2.829643     -4.370800    
  2.829669     -4.322595    
  2.833025     -4.259311    
  2.833051     -4.242371    
  2.836279     -4.289315    
  2.836305     -4.328701    
  2.836473     -4.330122    
  2.836499     -4.310477    
  2.839407     -4.285609    
  2.839433     -4.269938    
  2.840448     -4.494521    
  2.840474     -4.290630    
  2.844142     -4.333400    
  2.844168     -4.278185    
  2.844752     -4.265638    
  2.844778     -4.303471    
  2.845644     -4.389299    
  2.845670     -4.352670    
  2.846022     -4.327563    
  2.846048     -4.331791    
  2.846084     -4.333054    
  2.846110     -4.333239    
  2.846350     -4.357350    
  2.846376     -4.357831    
  2.846960     -4.443663    
  2.846986     -4.651144    
  2.850315     -4.183581    
  2.850341     -4.253383    
  2.851138     -4.365035    
  2.851164     -4.400246    
  2.851303     -4.512341    
  2.851329     -4.560914    
  2.851635     -4.797837    
  2.851661     -4.631787    
  2.853000     -4.060609    
  2.853026     -4.347542    
  2.853688     -4.289578    
  2.853714     -4.294163    
  2.856751     -4.390353    
  2.856777     -4.406929    
  2.859747     -4.395635    
  2.859773     -4.321396    
  2.863227     -4.246478    
  2.863253     -4.271584    
  2.864041     -4.276266    
  2.864067     -4.268079    
  2.864202     -4.263373    
  2.864228     -4.263572    
  2.866992     -4.298404    
  2.867018     -4.299314    
  2.867101     -4.301478    
  2.867127     -4.303833    
  2.869323     -4.286213    
  2.871507     -4.294063    
  2.871533     -4.299948    
  2.871590     -4.300260    
  2.871617     -4.300500    
  2.871996     -4.300660    
  2.872022     -4.301269    
  2.874358     -4.306490    
  2.874384     -4.304224    
  2.876673     -4.332677    
  2.876699     -4.302088    
  2.877153     -4.303057    
  2.877179     -4.336008    
  2.880574     -4.346849    
  2.880600     -4.295487    
  2.882343     -4.314296    
  2.882369     -4.338143    
  2.882700     -4.417510    
  2.882726     -4.600495    
  2.885367    -100.00000    
  2.885393     -5.074760    
  2.886410     -4.535394    
  2.886436     -4.517071    
  2.886684     -4.447764    
  2.886711     -4.426183    
  2.887586     -4.332717    
  2.887612     -4.387355    
  2.888537     -4.282446    
  2.888563     -4.106989    
  2.889344     -3.914503    
  2.889370     -4.110299    
  2.891995     -4.416948    
  2.892021     -4.589298    
  2.893735     -4.280044    
  2.893761     -4.307390    
  2.894101     -4.330278    
  2.894127     -4.324095    
  2.895125     -4.466814    
  2.895151     -4.470539    
  2.895520     -4.496780    
  2.895547     -5.154896    
  2.896797     -6.547833    
  2.896824     -5.147493    
  2.897817    -100.00000    
  2.897843    -100.00000    
  2.900619     -4.360853    
  2.900645     -4.315472    
  2.901366     -4.230091    
  2.901392     -4.119353    
  2.905057     -4.227507    
  2.905083     -4.257261    
  2.905579     -4.284535    
  2.905605     -4.281114    
  2.907884     -4.363061    
  2.907910     -4.373597    
  2.908129     -4.427977    
  2.908155     -4.446762    
  2.908507     -4.538520    
  2.908533     -4.547074    
  2.909451     -4.271228    
  2.909477     -4.284122    
  2.910120     -4.313059    
  2.910146     -4.331704    
  2.913205     -4.351378    
  2.916242     -4.396094    
  2.916268     -4.419211    
  2.916557     -4.436935    
  2.916584     -4.435410    
  2.916815     -4.408508    
  2.916841     -4.400009    
  2.917202     -4.341486    
  2.917228     -4.341193    
  2.917946     -4.352954    
  2.917972     -4.303806    
  2.921796     -4.508313    
  2.921822     -4.448902    
  2.925060     -4.318952    
  2.925086     -4.431105    
  2.925714     -4.821981    
  2.925740     -4.774665    
  2.925879     -4.784558    
  2.925905     -4.779785    
  2.925971     -4.766903    
  2.925997     -4.410091    
  2.927585     -4.210614    
  2.927611     -4.348198    
  2.927702     -4.326363    
  2.927728     -4.316486    
  2.927981     -4.313007    
  2.928007     -4.334102    
  2.928701     -4.343963    
  2.928727     -4.333191    
  2.929157     -4.341691    
  2.929183     -4.343067    
  2.929555     -4.346493    
  2.929581     -4.346186    
  2.929997     -4.348886    
  2.930023     -4.349472    
  2.930276     -4.353200    
  2.930302     -4.353892    
  2.930635     -4.355255    
  2.930661     -4.354980    
  2.930674     -4.354990    
  2.930700     -4.354762    
  2.930993     -4.356956    
  2.931020     -4.358107    
  2.931455     -4.359350    
  2.931481     -4.355610    
  2.932685     -4.394753    
  2.932711     -4.388911    
  2.934676     -4.447468    
  2.934702     -4.455227    
  2.935383     -4.539618    
  2.935409     -4.615143    
  2.936838     -4.360473    
  2.936864     -4.223899    
  2.937442     -4.277314    
  2.937468     -4.323553    
  2.937555     -4.352473    
  2.937581     -4.365259    
  2.939148     -4.374336    
  2.939174     -4.376414    
  2.939362     -4.378780    
  2.939388     -4.386210    
  2.942758     -4.407108    
  2.942785     -4.383177    
  2.943789     -4.392449    
  2.943815     -4.402780    
  2.943844     -4.402633    
  2.944299     -4.464514    
  2.944325     -4.497487    
  2.945296     -4.369657    
  2.945322     -4.386205    
  2.946304     -4.392422    
  2.946330     -4.390499    
  2.946717     -4.394993    
  2.946743     -4.395183    
  2.946776     -4.395664    
  2.946802     -4.402850    
  2.950801     -4.397826    
  2.950827     -4.423912    
  2.951318     -4.417346    
  2.951344     -4.409713    
  2.951741     -4.392620    
  2.951767     -4.396513    
  2.952632     -4.400331    
  2.952658     -4.398268    
  2.953349     -4.400126    
  2.953375     -4.399860    
  2.953780     -4.402841    
  2.953806     -4.403306    
  2.954021     -4.405563    
  2.954047     -4.406011    
  2.954374     -4.408476    
  2.954391     -4.408261    
  2.954417     -4.408799    
  2.954846     -4.405341    
  2.954872     -4.402942    
  2.955769     -4.404117    
  2.955795     -4.404318    
  2.956192     -4.413533    
  2.956218     -4.416049    
  2.956377     -4.426254    
  2.956403     -4.430839    
  2.956852     -4.456182    
  2.956878     -4.452134    
  2.957651     -4.393644    
  2.957677     -4.403455    
  2.957733     -4.405033    
  2.957759     -4.409913    
  2.958652     -4.409229    
  2.958678     -4.410072    
  2.958733     -4.411006    
  2.958753     -4.411383    
  2.958779     -4.412485    
  2.959227     -4.417528    
  2.959253     -4.416909    
  2.959299     -4.416973    
  2.959325     -4.417008    
  2.959550     -4.417018    
  2.959576     -4.417000    
  2.959605     -4.416989    
  2.959622     -4.416983    
  2.959648     -4.416972    
  2.959673     -4.416963    
  2.959699     -4.416929    
  2.959869     -4.417033    
  2.959895     -4.417125    
  2.959946     -4.417298    
  2.959972     -4.418393    
  2.960724     -4.419824    
  2.960751     -4.417348    
  2.961052     -4.413596    
  2.961078     -4.413719    
  2.961152     -4.413578    
  2.961178     -4.426749    
  2.963811     -4.391920    
  2.963837     -4.179318    
  2.965349     -4.275263    
  2.965375     -4.394203    
  2.965604     -4.400822    
  2.965631     -4.546465    
  2.969258     -4.490280    
  2.969284     -4.320918    
  2.969806     -4.273118    
  2.969832     -4.054645    
  2.973371     -4.271976    
  2.973397     -4.185486    
  2.975759     -4.166194    
  2.975785     -4.217559    
  2.976196     -4.314995    
  2.976222     -4.242854    
  2.978818     -4.165317    
  2.981393     -4.253921    
  2.981419     -4.348238    
  2.981911     -4.408942    
  2.981937     -4.408570    
  2.982453     -4.276610    
  2.982479     -4.256799    
  2.982902     -4.157109    
  2.982928     -4.198888    
  2.985851     -4.237457    
  2.988755     -4.248752    
  2.991639     -4.271338    
  2.994504     -4.331911    
  2.997351     -4.249020    
  3.000178     -4.378632    
  3.002988     -4.320963    
  3.005779     -4.301195    
  3.005806     -4.262198    
  3.006660     -4.301335    
  3.006686     -4.345623    
  3.007985     -4.287294    
  3.008011     -4.305062    
  3.008377     -4.340165    
  3.008403     -4.339747    
  3.008422     -4.340582    
  3.008449     -4.314550    
  3.012132     -4.274387    
  3.015785     -4.324483    
  3.019407     -4.273611    
  3.022999     -4.274577    
  3.023025     -4.257075    
  3.024692     -4.263344    
  3.024718     -4.288270    
  3.027002     -4.251450    
  3.027028     -4.254354    
  3.028469     -4.257254    
  3.028496     -4.263914    
  3.028525     -4.264198    
  3.028551     -4.265051    
  3.030734     -4.272767    
  3.032906     -4.345754    
  3.032932     -4.340644    
  3.037051     -4.296805    
  3.041131     -4.318352    
  3.041157     -4.299228    
  3.041192     -4.298637    
  3.041218     -4.296507    
  3.041743     -4.299686    
  3.041769     -4.305570    
  3.044049     -4.328199    
  3.044075     -4.338059    
  3.046448     -4.341362    
  3.046474     -4.324044    
  3.047296     -4.313172    
  3.047322     -4.379407    
  3.051393     -4.338300    
  3.051419     -4.303498    
  3.053164     -4.555716    
  3.053190     -4.279047    
  3.056650     -4.483806    
  3.056676     -4.424519    
  3.057784     -4.296597    
  3.057810     -4.351157    
  3.060993     -4.356731    
  3.064153     -4.366887    
  3.064179     -4.367273    
  3.067832     -4.427544    
  3.067858     -4.392898    
  3.071967     -4.443774    
  3.071993     -4.430410    
  3.074546     -4.461581    
  3.074572     -4.444369    
  3.077401     -4.453180    
  3.080211     -4.441630    
  3.083004     -4.493303    
  3.085779     -4.491372    
  3.085805     -4.492396    
  3.088194     -4.463905    
  3.088220     -4.520185    
  3.089253     -4.629743    
  3.089279     -4.457878    
  3.091880     -4.447962    
  3.091906     -4.454459    
  3.092972     -4.418489    
  3.092998     -4.419385    
  3.093275     -4.428565    
  3.093301     -4.403198    
  3.095382     -5.949653    
  3.095408     -5.255256    
  3.096210     -4.790742    
  3.096236     -4.647314    
  3.099421     -4.265988    
  3.099447     -4.360218    
  3.099999     -4.403338    
  3.100025     -4.464857    
  3.102791     -4.483648    
  3.105540     -4.488152    
  3.105566     -4.479791    
  3.108813     -4.491043    
  3.112036     -4.517531    
  3.112062     -4.505074    
  3.114717     -4.504590    
  3.114743     -4.484214    
  3.114932     -4.485466    
  3.114958     -4.486622    
  3.115849     -4.510831    
  3.115875     -4.512106    
  3.116210     -4.508535    
  3.116236     -4.506508    
  3.116288     -4.505027    
  3.116314     -4.496106    
  3.117008     -4.540432    
  3.117034     -4.549319    
  3.117770     -4.485684    
  3.117796     -4.485643    
  3.118254     -4.504550    
  3.118280     -4.513818    
  3.118920     -4.516155    
  3.118946     -4.507795    
  3.121185     -4.545368    
  3.123412     -4.550298    
  3.123438     -4.569872    
  3.124647     -4.570722    
  3.124673     -4.580639    
  3.126028     -4.553673    
  3.126054     -4.538329    
  3.127717     -4.515016    
  3.127743     -4.588622    
  3.129255     -4.522280    
  3.129281     -4.522029    
  3.132456     -4.557830    
  3.135607     -4.590920    
  3.135633     -4.588313    
  3.136213     -4.589245    
  3.136239     -4.568041    
  3.139077     -4.673496    
  3.139103     -4.638755    
  3.141139     -4.682400    
  3.141166     -4.639006    
  3.143607     -4.618315    
  3.143633     -4.651831    
  3.144132     -4.621523    
  3.144158     -4.595597    
  3.144987     -4.565410    
  3.145013     -4.600312    
  3.146789     -4.835506    
  3.146815     -4.735511    
  3.146918     -4.695045    
  3.146944     -4.648467    
  3.147826     -4.504554    
  3.147852     -4.565155    
  3.148759     -4.711774    
  3.148785     -4.733781    
  3.149778     -4.783300    
  3.149804     -4.666179    
  3.150669     -4.587896    
  3.150696     -4.616584    
  3.151307     -4.639031    
  3.151333     -4.609982    
  3.152574     -4.689101    
  3.152600     -4.742617    
  3.153099     -4.756837    
  3.153125     -4.756971    
  3.153411     -4.728393    
  3.153437     -4.718933    
  3.153464     -4.713100    
  3.153490     -4.622955    
  3.155047     -4.618997    
  3.155073     -4.700188    
  3.156105     -4.645673    
  3.156131     -4.658892    
  3.159449     -4.717212    
  3.159475     -4.732072    
  3.159789     -4.716136    
  3.159815     -4.632102    
  3.164039     -4.679709    
  3.164065     -4.666306    
  3.164664     -4.718753    
  3.164690     -4.729349    
  3.166009     -4.669735    
  3.166035     -4.704799    
  3.168014     -4.730927    
  3.168040     -4.731105    
  3.171700     -4.684988    
  3.171726     -4.738351    
  3.173608     -4.674243    
  3.173634     -4.706392    
  3.174198     -4.715584    
  3.174224     -4.697134    
  3.178220     -4.671522    
  3.178246     -4.667307    
  3.179496     -4.716170    
  3.179523     -4.682963    
  3.180493     -4.728638    
  3.180519     -4.791889    
  3.181705     -4.692130    
  3.181731     -4.680982    
  3.181840     -4.678282    
  3.181866     -4.677716    
  3.181990     -4.673225    
  3.182017     -4.659894    
  3.184999     -4.691101    
  3.185025     -4.701868    
  3.186118     -4.690841    
  3.186144     -4.668816    
  3.187507     -4.735157    
  3.187524     -4.766615    
  3.187550     -4.783342    
  3.188369     -4.740766    
  3.188395     -4.715082    
  3.189386     -4.851930    
  3.189412     -4.747006    
  3.189917    -100.00000    
  3.189943     -6.768571    
  3.190993     -6.792281    
  3.191019     -6.491358    
  3.191149     -6.270000    
  3.191176     -6.582832    
  3.192254     -5.376504    
  3.192280     -5.376029    
  3.194916     -4.606568    
  3.194942     -4.570240    
  3.196947     -4.626280    
  3.196973     -4.696050    
  3.199833     -4.815365    
  3.199859     -4.795393    
  3.202175     -4.793834    
  3.202201     -4.806209    
  3.203193     -4.735463    
  3.203219     -4.755713    
  3.204704     -4.831454    
  3.204730     -4.771793    
  3.207396     -4.805093    
  3.207422     -4.804889    
  3.209165     -4.865862    
  3.209192     -4.851557    
  3.209905     -4.852111    
  3.209931     -4.829082    
  3.211746     -4.898837    
  3.211772     -4.899631    
  3.213910     -4.893200    
  3.213936     -4.900087    
  3.217562     -4.887184    
  3.217588     -4.779757    
  3.217734     -4.779623    
  3.217760     -4.782354    
  3.218195     -4.786931    
  3.218221     -4.785539    
  3.218359     -4.792618    
  3.218385     -4.912869    
  3.221432     -4.810498    
  3.224458     -4.925124    
  3.224484     -4.860205    
  3.226728     -4.857872    
  3.228960     -4.823752    
  3.231181     -4.836739    
  3.233391     -4.847164    
  3.233417     -4.869985    
  3.235869     -4.865940    
  3.238307     -4.932027    
  3.240731     -4.874470    
  3.243142     -4.839508    
  3.243168     -4.851844    
  3.246203     -4.861893    
  3.249217     -4.860275    
  3.249243     -4.874461    
  3.251269     -4.867248    
  3.251295     -4.866592    
  3.251554     -4.855783    
  3.251580     -4.844989    
  3.254930     -4.879781    
  3.258254     -4.914587    
  3.258280     -4.901045    
  3.261671     -4.904197    
  3.261697     -4.928488    
  3.263492     -4.882672    
  3.263518     -4.906629    
  3.267500     -4.907565    
  3.271446     -4.918159    
  3.271472     -4.925679    
  3.273283     -4.924234    
  3.273309     -4.937694    
  3.276784     -4.944053    
  3.276810     -4.964059    
  3.279737     -4.943020    
  3.279763     -4.954848    
  3.279904     -4.947259    
  3.279930     -4.938627    
  3.281693     -4.946834    
  3.281719     -4.951479    
  3.283569     -4.941918    
  3.283595     -4.959769    
  3.285864     -4.949096    
  3.285890     -4.938205    
  3.288494     -4.986275    
  3.288521     -4.978163    
  3.289058     -4.951321    
  3.289085     -4.966765    
  3.291445     -4.993739    
  3.291471     -4.964627    
  3.292687     -4.968804    
  3.292713     -4.972218    
  3.294701     -4.976003    
  3.294727     -4.980717    
  3.295769     -5.006096    
  3.295795     -5.002537    
  3.295928     -5.002882    
  3.295954     -5.003480    
  3.296323     -5.001727    
  3.296349     -5.000909    
  3.296793     -4.987704    
  3.296819     -4.985293    
  3.299472     -4.997221    
  3.299498     -4.995618    
  3.301162     -4.995179    
  3.301188     -4.995791    
  3.302957     -5.003967    
  3.302983     -5.003246    
  3.305105     -5.009530    
  3.305131     -5.009914    
  3.306016     -5.011119    
  3.306042     -5.010867    
  3.306917     -5.015585    
  3.306943     -5.027893    
  3.309394     -5.017996    
  3.309420     -5.021453    
  3.309880     -5.023981    
  3.309906     -5.024006    
  3.310654     -5.028587    
  3.310680     -5.028096    
  3.311009     -5.031779    
  3.311035     -5.032842    
  3.311357     -5.037544    
  3.311383     -5.038301    
  3.311855     -5.030119    
  3.311881     -5.029014    
  3.312043     -5.027455    
  3.312069     -5.035340    
  3.315866     -5.039706    
  3.319630     -5.042504    
  3.319656     -5.051306    
  3.322697     -5.062909    
  3.325716     -5.076627    
  3.328715     -5.082303    
  3.331694     -5.094533    
  3.334652     -5.102008    
  3.337590     -5.105596    
  3.340508     -5.121182    
  3.343407     -5.124621    
  3.343433     -5.129185    
  3.347340     -5.140283    
  3.351212     -5.148739    
  3.351238     -5.145695    
  3.351711     -5.149089    
  3.351737     -5.150936    
  3.354728     -5.156801    
  3.357698     -5.179232    
  3.360649     -5.175879    
  3.363579     -5.193890    
  3.363605     -5.177293    
  3.365511     -5.253643    
  3.365537     -5.228162    
  3.367465     -5.206770    
  3.367491     -5.223752    
  3.367518     -5.215603    
  3.368345     -5.192206    
  3.368371     -5.201138    
  3.369799     -5.207855    
  3.369825     -5.207845    
  3.371854     -5.214176    
  3.371880     -5.214911    
  3.373656     -5.226701    
  3.373682     -5.222339    
  3.377642     -5.235429    
  3.377668     -5.235634    
  3.379189     -5.243271    
  3.379215     -5.233157    
  3.382117     -5.273519    
  3.382143     -5.258324    
  3.385913     -5.267009    
  3.385939     -5.261389    
  3.389822     -5.274536    
  3.389848     -5.277911    
  3.391164     -5.282766    
  3.391190     -5.276003    
  3.395069     -5.301985    
  3.395095     -5.292481    
  3.397989     -5.301346    
  3.398015     -5.300930    
  3.398446     -5.302037    
  3.398472     -5.303989    
  3.400885     -5.310616    
  3.400911     -5.309879    
  3.402458     -5.317097    
  3.402485     -5.319725    
  3.403625     -5.333989    
  3.403651     -5.328914    
  3.404157     -5.354224    
  3.404183     -5.334721    
  3.406906     -5.344106    
  3.409611     -5.337159    
  3.412300     -5.350104    
  3.414973     -5.357989    
  3.414999     -5.357881    
  3.419305     -5.375209    
  3.419331     -5.372471    
  3.422393     -5.384459    
  3.425434     -5.395240    
  3.428454     -5.405646    
  3.431452     -5.417212    
  3.431479     -5.417505    
  3.434953     -5.427727    
  3.434979     -5.430261    
  3.438935     -5.443934    
  3.442855     -5.462245    
  3.442881     -5.456028    
  3.444964     -5.460807    
  3.444990     -5.462887    
  3.447490     -5.471000    
  3.449964     -5.479832    
  3.449990     -5.493565    
  3.452474     -5.488819    
  3.454944     -5.502416    
  3.454970     -5.500838    
  3.457932     -5.506119    
  3.460873     -5.517560    
  3.463795     -5.527177    
  3.466698     -5.538156    
  3.466724     -5.538145    
  3.467614     -5.543730    
  3.467640     -5.545167    
  3.468776     -5.549921    
  3.468802     -5.547342    
  3.469484     -5.547980    
  3.469510     -5.549696    
  3.469535     -5.550005    
  3.469561     -5.550555    
  3.469873     -5.552888    
  3.469899     -5.552778    
  3.470209     -5.551690    
  3.470235     -5.550548    
  3.471210     -5.554623    
  3.471236     -5.557258    
  3.472958     -5.563318    
  3.472984     -5.559304    
  3.474130     -5.564232    
  3.474156     -5.571188    
  3.477552     -5.583632    
  3.480921     -5.592161    
  3.480947     -5.582286    
  3.483093     -5.619381    
  3.483119     -5.597233    
  3.485987     -5.605146    
  3.486013     -5.605333    
  3.486615     -5.610182    
  3.486641     -5.631409    
  3.490491     -5.619209    
  3.494307     -5.635593    
  3.494333     -5.636022    
  3.498611     -5.655709    
  3.502847     -5.662600    
  3.502873     -5.666094    
  3.503909     -5.665846    
  3.503935     -5.666136    
  3.504049     -5.667124    
  3.504075     -5.669309    
  3.505750     -5.676744    
  3.505776     -5.680922    
  3.505983     -5.685935    
  3.506009     -5.690414    
  3.506922     -5.678722    
  3.506948     -5.678730    
  3.507287     -5.681853    
  3.507313     -5.684275    
  3.511219     -5.708594    
  3.511245     -5.695842    
  3.513248     -5.702851    
  3.513274     -5.703865    
  3.515834     -5.712449    
  3.515860     -5.712202    
  3.515893     -5.708514    
  3.518219     -5.732700    
  3.520533     -5.725834    
  3.522835     -5.738050    
  3.525125     -5.747694    
  3.527403     -5.758439    
  3.529669     -5.764946    
  3.531923     -5.771907    
  3.534166     -5.779952    
  3.534192     -5.784309    
  3.535341     -5.780825    
  3.535367     -5.790779    
  3.539376     -5.799512    
  3.539403     -5.815998    
  3.541647     -5.806171    
  3.543879     -5.813183    
  3.543905     -5.812230    
  3.544530     -5.816570    
  3.544556     -5.816491    
  3.545185     -5.835577    
  3.545211     -5.837408    
  3.545491     -5.838037    
  3.545517     -5.826002    
  3.548458     -5.827734    
  3.548484     -5.829356    
  3.550178     -5.837451    
  3.550205     -5.835701    
  3.552184     -5.844338    
  3.552210     -5.844246    
  3.553416     -5.847603    
  3.553442     -5.848213    
  3.553493     -5.848430    
  3.553519     -5.849437    
  3.555658     -5.859228    
  3.555684     -5.865679    
  3.556758     -5.864238    
  3.556785     -5.858300    
  3.557726     -5.863687    
  3.557752     -5.862912    
  3.558877     -5.870828    
  3.558903     -5.871353    
  3.559141     -5.872229    
  3.559167     -5.872126    
  3.559322     -5.871672    
  3.559348     -5.869880    
  3.560882     -5.875241    
  3.560908     -5.875749    
  3.561003     -5.876272    
  3.561024     -5.876376    
  3.561050     -5.876504    
  3.561076     -5.876633    
  3.561161     -5.876978    
  3.561188     -5.877094    
  3.561399     -5.877479    
  3.561425     -5.877473    
  3.561492     -5.877530    
  3.561518     -5.877527    
  3.561733     -5.877898    
  3.561759     -5.877987    
  3.561929     -5.878647    
  3.561955     -5.878760    
  3.562293     -5.881403    
  3.565712     -5.893776    
  3.565738     -5.867308    
  3.568684     -5.853115    
  3.568710     -5.871245    
  3.572276     -5.901860    
  3.572302     -5.894932    
  3.575184     -5.903705    
  3.578046     -5.909532    
  3.580890     -5.923721    
  3.583716     -5.929290    
  3.583742     -5.935466    
  3.586195     -5.931648    
  3.588634     -5.943285    
  3.591060     -5.944553    
  3.593472     -5.970141    
  3.595871     -5.948419    
  3.598257     -5.981333    
  3.600630     -5.967878    
  3.602990     -6.018527    
  3.603016     -6.010371    
  3.606561     -5.987917    
  3.610077     -6.031915    
  3.610103     -6.008629    
  3.614107     -6.022199    
  3.618075     -6.086412    
  3.618101     -6.030026    
  3.619098     -6.042173    
  3.619124     -6.040961    
  3.620549     -6.045277    
  3.620575     -6.044617    
  3.621884     -6.051777    
  3.621910     -6.054121    
  3.623350     -6.053769    
  3.623376     -6.057919    
  3.625657     -6.062246    
  3.627926     -6.094222    
  3.627952     -6.073003    
  3.630143     -6.079995    
  3.630428     -6.080969    
  3.632323     -6.087528    
  3.632349     -6.088055    
  3.634351     -6.094904    
  3.634377     -6.095053    
  3.637591     -6.106646    
  3.637617     -6.106741    
  3.640932     -6.138895    
  3.644221     -6.118376    
  3.644248     -6.132451    
  3.646952     -6.142529    
  3.649641     -6.149450    
  3.652313     -6.160778    
  3.654968     -6.170853    
  3.654994     -6.167816    
  3.656771     -6.192858    
  3.656798     -6.195769    
  3.659416     -6.181977    
  3.659442     -6.191244    
  3.663645     -6.207169    
  3.663672     -6.202196    
  3.666918     -6.213163    
  3.670140     -6.224640    
  3.670166     -6.231519    
  3.673528     -6.246420    
  3.673554     -6.253205    
  3.676435     -6.252309    
  3.679298     -6.259217    
  3.682141     -6.268869    
  3.684966     -6.280362    
  3.684992     -6.281003    
  3.685363     -6.281451    
  3.685390     -6.281373    
  3.685421     -6.281034    
  3.687761     -6.289804    
  3.687787     -6.289827    
  3.688738     -6.291943    
  3.688764     -6.292401    
  3.688892     -6.293183    
  3.688918     -6.284052    
  3.690761     -6.327916    
  3.690787     -6.388859    
  3.691489     -6.360804    
  3.691515     -6.301785    
  3.694842     -6.315786    
  3.694868     -6.314924    
  3.695395     -6.317562    
  3.695421     -6.317944    
  3.695548     -6.318860    
  3.695574     -6.318619    
  3.699531     -6.332717    
  3.703451     -6.349591    
  3.707337     -6.360974    
  3.711188     -6.376630    
  3.711214     -6.376281    
  3.712650     -6.381651    
  3.713266     -6.384378    
  3.713292     -6.384154    
  3.715965     -6.393661    
  3.718622     -6.403590    
  3.718648     -6.403650    
  3.719507     -6.407015    
  3.719533     -6.407205    
  3.719809     -6.408396    
  3.719835     -6.408383    
  3.720772     -6.412134    
  3.720798     -6.413195    
  3.721949     -6.415842    
  3.721976     -6.415628    
  3.726014     -6.431893    
  3.726040     -6.431359    
  3.729224     -6.442771    
  3.729250     -6.442733    
  3.730799     -6.449816    
  3.730825     -6.449196    
  3.733074     -6.457372    
  3.733100     -6.457362    
  3.736642     -6.478324    
  3.740157     -6.481219    
  3.740183     -6.484435    
  3.740658     -6.485839    
  3.740684     -6.486242    
  3.742813     -6.493693    
  3.742839     -6.493877    
  3.743010     -6.494474    
  3.743036     -6.493567    
  3.745487     -6.505277    
  3.747926     -6.512205    
  3.747952     -6.512632    
  3.748402     -6.514410    
  3.748428     -6.514510    
  3.750148     -6.520989    
  3.750174     -6.517544    
  3.751807     -6.537720    
  3.751825     -6.543991    
  3.751851     -6.547526    
  3.752945     -6.526818    
  3.752971     -6.531843    
  3.753218     -6.533920    
  3.753244     -6.533654    
  3.753912     -6.534363    
  3.753938     -6.535476    
  3.754688     -6.537785    
  3.754715     -6.537900    
  3.755025     -6.539210    
  3.755051     -6.539294    
  3.755248     -6.539956    
  3.755274     -6.540025    
  3.755553     -6.540994    
  3.755579     -6.541306    
  3.758844     -6.553377    
  3.758870     -6.550482    
  3.762813     -6.566726    
  3.766720     -6.588740    
  3.770592     -6.595425    
  3.774430     -6.632235    
  3.774456     -6.611068    
  3.777991     -6.625948    
  3.778017     -6.624876    
  3.778151     -6.625391    
  3.781504     -6.638897    
  3.781530     -6.637721    
  3.785355     -6.652929    
  3.789147     -6.667175    
  3.792906     -6.681288    
  3.796633     -6.694337    
  3.796659     -6.692081    
  3.799528     -6.707334    
  3.802378     -6.715562    
  3.802405     -6.715508    
  3.802753     -6.716732    
  3.802779     -6.715880    
  3.804109     -6.724956    
  3.804136     -6.730469    
  3.805742     -6.725452    
  3.805768     -6.728577    
  3.806039     -6.729074    
  3.806065     -6.728986    
  3.806646     -6.731822    
  3.806672     -6.731784    
  3.807576     -6.735072    
  3.807602     -6.735127    
  3.808354     -6.738015    
  3.808380     -6.738177    
  3.809479     -6.742940    
  3.809505     -6.742616    
  3.809846     -6.743442    
  3.809872     -6.742970    
  3.810525     -6.749366    
  3.810551     -6.753537    
  3.811407     -6.756352    
  3.811433     -6.752090    
  3.811548     -6.750219    
  3.811574     -6.749940    
  3.811599     -6.749680    
  3.811625     -6.748380    
  3.812345     -6.753564    
  3.812371     -6.753169    
  3.814695     -6.761958    
  3.817007     -6.769324    
  3.819307     -6.773659    
  3.821595     -6.859546    
  3.821621     -6.802821    
  3.823807     -6.792282    
  3.825982     -6.799708    
  3.830301     -6.847874    
  3.830327     -6.819490    
  3.834271     -6.836986    
  3.838180     -6.851231    
  3.838207     -6.851279    
  3.840521     -6.858842    
  3.842823     -6.879568    
  3.842849     -6.875485    
  3.843871     -6.868707    
  3.843897     -6.872855    
  3.847941     -6.889672    
  3.851948     -6.906675    
  3.855919     -6.919437    
  3.859853     -6.935089    
  3.859879     -6.944416    
  3.862843     -6.943405    
  3.865788     -6.956851    
  3.865814     -6.956873    
  3.866065     -6.957856    
  3.866091     -6.958408    
  3.868658     -6.967670    
  3.871210     -6.977543    
  3.871236     -6.977764    
  3.873680     -6.987088    
  3.876111     -6.996458    
  3.878528     -7.005533    
  3.880932     -7.014965    
  3.880959     -7.015277    
  3.883813     -7.031020    
  3.886649     -7.037066    
  3.889466     -7.046301    
  3.892265     -7.059095    
  3.892291     -7.058692    
  3.894417     -7.067014    
  3.894443     -7.066806    
  3.895163     -7.069795    
  3.895189     -7.070236    
  3.898690     -7.084215    
  3.898716     -7.083440    
  3.900445     -7.090157    
  3.900462     -7.090180    
  3.900488     -7.090076    
  3.901329     -7.094513    
  3.901356     -7.094881    
  3.902300     -7.096961    
  3.902326     -7.097442    
  3.903658     -7.102545    
  3.903684     -7.102613    
  3.904238     -7.104781    
  3.904264     -7.104819    
  3.905415     -7.109323    
  3.905441     -7.109826    
  3.905995     -7.111908    
  3.906021     -7.111643    
  3.906888     -7.114814    
  3.906914     -7.115024    
  3.907705     -7.117999    
  3.907731     -7.118050    
  3.908373     -7.117431    
  3.908399     -7.117365    
  3.908503     -7.117442    
  3.908529     -7.118882    
  3.912223     -7.138198    
  3.912249     -7.135934    
  3.913098     -7.139094    
  3.913124     -7.139368    
  3.913216     -7.139686    
  3.913243     -7.139767    
  3.913438     -7.140358    
  3.913465     -7.140422    
  3.913745     -7.141520    
  3.913771     -7.141654    
  3.913800     -7.141779    
  3.913826     -7.141892    
  3.913873     -7.142096    
  3.913899     -7.142207    
  3.913915     -7.142276    
  3.913940     -7.142382    
  3.913967     -7.142492    
  3.914112     -7.143063    
  3.914138     -7.143237    
  3.916945     -7.153977    
  3.916971     -7.150128    
  3.920612     -7.161941    
  3.924221     -7.173179    
  3.927801     -7.192863    
  3.931352     -7.204874    
  3.931378     -7.206109    
  3.935116     -7.217159    
  3.938821     -7.234305    
  3.938847     -7.234875    
  3.941053     -7.240575    
  3.943248     -7.248239    
  3.945432     -7.260124    
  3.947605     -7.261974    
  3.951918     -7.286535    
  3.956189     -7.294155    
  3.956215     -7.290105    
  3.959412     -7.319334    
  3.962586     -7.320474    
  3.965737     -7.332626    
  3.968865     -7.347398    
  3.968891     -7.362513    
  3.972582     -7.356147    
  3.976241     -7.379040    
  3.979870     -7.387526    
  3.983469     -7.404095    
  3.983495     -7.427166    
  3.985959     -7.408113    
  3.988409     -7.421018    
  3.990846     -7.436528    
  3.993269     -7.438976    
  3.993295     -7.446475    
  3.995544     -7.448345    
  3.997782     -7.457839    
  3.997808     -7.458239    
  4.001416     -7.471637    
  4.004993     -7.493610    
  4.008542     -7.507341    
  4.012062     -7.512499    
  4.015553     -7.527040    
  4.019017     -7.541320    
  4.022453     -7.557771    
  4.025862     -7.567644    
  4.025888     -7.568126    
  4.029667     -7.582802    
  4.033413     -7.597586    
  4.033440     -7.597798    
  4.034804     -7.602998    
  4.034830     -7.603114    
  4.038396     -7.617164    
  4.038422     -7.617925    
  4.039117     -7.626029    
  4.039143     -7.621178    
  4.042356     -7.631552    
  4.042382     -7.656561    
  4.044890     -7.645310    
  4.047383     -7.649519    
  4.047409     -7.649533    
  4.047809     -7.652003    
  4.047835     -7.652649    
  4.047865     -7.654182    
  4.051262     -7.667918    
  4.054633     -7.680668    
  4.057978     -7.693988    
  4.061297     -7.707235    
  4.061323     -7.707149    
  4.064372     -7.719152    
  4.067400     -7.729533    
  4.070406     -7.749871    
  4.073392     -7.755541    
  4.073418     -7.755063    
  4.075738     -7.763943    
  4.078046     -7.773223    
  4.078072     -7.773732    
  4.080271     -7.782346    
  4.080297     -7.781998    
  4.080888     -7.784544    
  4.080914     -7.784590    
  4.080998     -7.784912    
  4.081024     -7.785013    
  4.081040     -7.785073    
  4.081066     -7.785118    
  4.082224     -7.789792    
  4.082250     -7.787408    
  4.084297     -7.807741    
  4.084323     -7.803218    
  4.086519     -7.806045    
  4.088705     -7.816123    
  4.093043     -7.833222    
  4.097338     -7.850588    
  4.101591     -7.866395    
  4.101617     -7.867565    
  4.105086     -7.880844    
  4.108527     -7.895066    
  4.111941     -7.917514    
  4.115328     -7.919194    
  4.118689     -7.932804    
  4.122025     -7.949086    
  4.125335     -7.961269    
  4.128620     -7.974494    
  4.128646     -7.973990    
  4.131400     -7.987280    
  4.134137     -7.996929    
  4.136856     -8.007426    
  4.139559     -8.017588    
  4.142245     -8.028043    
  4.144915     -8.041214    
  4.147568     -8.050672    
  4.150205     -8.060505    
  4.150231     -8.060678    
  4.153104     -8.072538    
  4.155957     -8.083922    
  4.155983     -8.084008    
  4.156244     -8.085073    
  4.156270     -8.085033    
  4.158133     -8.092953    
  4.158160     -8.094358    
  4.158947     -8.102205    
  4.158973     -8.096467    
  4.161758     -8.106409    
  4.161784     -8.107203    
  4.163410     -8.113647    
  4.163436     -8.113746    
  4.163793     -8.115180    
  4.163819     -8.115293    
  4.163989     -8.115987    
  4.164015     -8.116091    
  4.168129     -8.130723    
  4.172204     -8.146316    
  4.176241     -8.162547    
  4.180241     -8.176576    
  4.184204     -8.196049    
  4.188131     -8.211222    
  4.192024     -8.227045    
  4.195882     -8.240094    
  4.195908     -8.246949    
  4.198350     -8.247394    
  4.200780     -8.266654    
  4.203195     -8.267803    
  4.205597     -8.283745    
  4.207986     -8.288895    
  4.210362     -8.301907    
  4.212725     -8.308323    
  4.215075     -8.318338    
  4.217413     -8.325181    
  4.219738     -8.341530    
  4.222051     -8.348126    
  4.224351     -8.355513    
  4.226639     -8.364659    
  4.228916     -8.377983    
  4.231180     -8.382044    
  4.233433     -8.395618    
  4.233459     -8.390445    
  4.235750     -8.402925    
  4.238029     -8.409784    
  4.240296     -8.419124    
  4.242552     -8.436492    
  4.244795     -8.439333    
  4.247028     -8.446779    
  4.249248     -8.455474    
  4.251458     -8.464416    
  4.251484     -8.465699    
  4.255470     -8.480707    
  4.259419     -8.496638    
  4.259445     -8.496720    
  4.261746     -8.505800    
  4.261772     -8.509396    
  4.265747     -8.523820    
  4.265773     -8.522651    
  4.266098     -8.523969    
  4.266124     -8.523783    
  4.269803     -8.538519    
  4.273452     -8.553565    
  4.277070     -8.543045    
  4.280658     -8.583849    
  4.284217     -8.600421    
  4.287747     -8.609707    
  4.291249     -8.626646    
  4.294722     -8.641345    
  4.294748     -8.639459    
  4.297714     -8.651540    
  4.300661     -8.663498    
  4.303587     -8.675353    
  4.306494     -8.686985    
  4.309381     -8.698791    
  4.312250     -8.711169    
  4.315099     -8.718789    
  4.317931     -8.745122    
  4.320743     -8.742723    
  4.323538     -8.755626    
  4.326314     -8.767603    
  4.329073     -8.778697    
  4.331815     -8.790057    
  4.334540     -8.801024    
  4.337247     -8.811215    
  4.339938     -8.826388    
  4.339964     -8.824680    
  4.343714     -8.836261    
  4.347431     -8.853587    
  4.347457     -8.853129    
  4.350370     -8.865526    
  4.353264     -8.876871    
  4.353290     -8.876867    
  4.353671     -8.878476    
  4.353698     -8.877517    
  4.356104     -8.891289    
  4.356130     -8.892918    
  4.357295     -8.891531    
  4.357321     -8.893857    
  4.357613     -8.894826    
  4.357639     -8.894773    
  4.357809     -8.895207    
  4.357835     -8.896236    
  4.360667     -8.906809    
  4.363481     -8.916455    
  4.366277     -8.927792    
  4.369055     -8.939771    
  4.371816     -8.950160    
  4.374559     -8.961963    
  4.377285     -8.972334    
  4.379993     -8.984193    
  4.382685     -8.994012    
  4.385361     -9.006540    
  4.388020     -9.018414    
  4.390662     -9.028641    
  4.393289     -9.039446    
  4.395900     -9.049476    
  4.398496     -9.058658    
  4.401076     -9.071489    
  4.403640     -9.078934    
  4.406190     -9.092176    
  4.408725     -9.099604    
  4.411245     -9.110935    
  4.413751     -9.121475    
  4.416242     -9.131129    
  4.418719     -9.140791    
  4.421182     -9.153590    
  4.423631     -9.151877    
  4.426066     -9.172003    
  4.428488     -9.180126    
  4.430896     -9.192711    
  4.433291     -9.199160    
  4.435673     -9.210128    
  4.438042     -9.219331    
  4.440398     -9.229041    
  4.440424     -9.229044    
  4.442834     -9.237915    
  4.445231     -9.254337    
  4.445257     -9.248040    
  4.447541     -9.257753    
  4.449813     -9.266631    
  4.452073     -9.276327    
  4.454321     -9.280047    
  4.456558     -9.291497    
  4.458783     -9.303755    
  4.460997     -9.311873    
  4.463200     -9.322988    
  4.465392     -9.330169    
  4.467572     -9.338968    
  4.471901     -9.356439    
  4.476187     -9.373674    
  4.480431     -9.390218    
  4.512967     -9.522124    
  4.512994     -9.522791    
  4.514640     -9.529418    
  4.514666     -9.529419    
  4.515975     -9.535309    
  4.516001     -9.535476    
  4.516171     -9.536052    
  4.516198     -9.537044    
  4.585499     -9.817539    
  4.585525     -9.814610    
  4.648519     -10.06966    
  4.648545     -10.06930    
  4.649578     -10.07362    
  4.649604     -10.07390    
  4.649869     -10.07507    
  4.649895     -10.07517    
  4.650065     -10.07582    
  4.650091     -10.07551    
  4.709795     -10.31601    
  4.709821     -10.31752    
  4.765784     -10.54133    
  4.765810     -10.54160    
  4.765853     -10.54177    
  4.765875     -10.54187    
  4.765901     -10.54197    
  4.766049     -10.54258    
  4.766075     -10.54308    
  4.818511     -10.75503    
  4.818536     -10.75398    
  4.868125     -10.95155    
  4.868151     -10.95350    
  4.868182     -10.95360    
  4.868208     -10.95369    
  4.868354     -10.95413    
  4.868380     -10.94262    
  4.915120     -11.14809    
  4.915146     -11.14360    
  4.959480     -11.32206    
  4.959506     -11.32153    
  4.959673     -11.32220    
  4.959697     -11.32230    
  4.959723     -11.32241    
  4.959869     -11.32302    
  4.959895     -11.32401    
  5.002051     -11.48725    
  5.002077     -11.49357    
  5.042016     -11.65501    
  5.042042     -11.65448    
  5.042458     -11.65615    
  5.042484     -11.65626    
  5.042511     -11.65637    
  5.042654     -11.65696    
  5.042681     -11.65676    
  5.081068     -11.81175    
  5.081094     -11.80684    
  5.117599     -11.95663    
  5.117625     -11.95931    
  5.118035     -11.96097    
  5.118061     -11.96107    
  5.118087     -11.96118    
  5.118232     -11.96170    
  5.118258     -11.95408    
  5.153493     -12.10729    
  5.153519     -12.10398    
  5.187234     -12.23998    
  5.187260     -12.23962    
  5.187559     -12.24095    
  5.187585     -12.24104    
  5.187614     -12.24116    
  5.187756     -12.24172    
  5.187782     -12.24287    
  5.251210     -12.49487    
  5.251236     -12.49634    
  5.251962     -12.50019    
  5.251988     -12.50016    
  5.252125     -12.50061    
  5.252151     -12.50134    
  5.311781     -12.73926    
  5.311807     -12.74034    
  5.311888     -12.74066    
  5.311914     -12.74077    
  5.312051     -12.74131    
  5.312078     -12.74280    
  5.368109     -12.96315    
  5.368135     -12.96554    
  5.420767     -13.17764    
  5.420793     -13.17576    
  5.470414     -13.37056    
  5.470440     -13.37393    
  5.517376     -13.56193    
  5.517402     -13.56053    
  5.561929     -13.73646    
  5.561955     -13.73915    
  5.604308     -13.90184    
  5.604334     -13.90656    
  5.644714     -14.06298    
  5.644741     -14.09614    
  6.106490     -16.04948    
  6.325198     -16.60763    
  6.578364     -17.42731    
  6.853326     -18.23372    
  7.140711     -18.99659    
  7.434755     -19.75330    
  7.732249     -20.54632    
  8.031500     -21.37602    
  8.331638     -22.22115    
  8.632221     -23.08721    
  8.933027    -100.00000    
