1.0 1.0063953918137
2.0 1.006108588240887
3.0 1.0055250840571268
4.0 1.0054406349587603
5.0 1.0054557401559772
6.0 1.0035425960745894
7.0 1.0022948237184803
8.0 1.001728229933091
9.0 1.0028405024887654
10.0 1.0003854236314729
11.0 1.0012229961430374
12.0 1.0011336023947606
13.0 1.0017621514083168
14.0 1.0017417471584111
15.0 1.0007901030540751
16.0 0.9999077373640752
17.0 0.9985764173838089
18.0 0.9975814712976426
19.0 0.9967366420861657
20.0 0.9963933198864379
21.0 0.9958325021864125
22.0 0.9942291518126726
23.0 0.9940675015958238
24.0 0.9931989691595957
25.0 0.9934163893286676
26.0 0.9937167473031948
27.0 0.9923895959524318
28.0 0.9920312462176858
29.0 0.9924524725270456
30.0 0.9928743940528221
31.0 0.9923192480812077
32.0 0.9929433467355887
33.0 0.992302865613611
34.0 0.9936264405417973
35.0 0.9926579577338923
36.0 0.9919636464680719
37.0 0.9919719106663805
38.0 0.993237547340736
39.0 0.9915852763396749
40.0 0.991065167454433
41.0 0.9906585922407803
42.0 0.9901874247316514
43.0 0.9893201140270391
44.0 0.988237982325602
45.0 0.9876969129055098
46.0 0.9874861779612716
47.0 0.9870290152748036
48.0 0.9875104920429646
49.0 0.9862922302115327
50.0 0.9868584662451617
51.0 0.9855044987620749
52.0 0.9858293297058569
53.0 0.9859833203830646
54.0 0.9869357507696862
55.0 0.9867179744923419
56.0 0.9863059882756817
57.0 0.9851184411424498
58.0 0.9854650515158254
59.0 0.9848388558307059
60.0 0.9849292285966119
61.0 0.9835253832424216
62.0 0.9834359502799753
63.0 0.9836431470705864
64.0 0.9820866233840801
65.0 0.9813515680511622
66.0 0.9815529573707364
67.0 0.9811707389556809
68.0 0.9819277761917311
69.0 0.982742559112774
70.0 0.981728676143112
71.0 0.9814039852698249
72.0 0.9821530390977334
73.0 0.9825404859043022
74.0 0.9825726651148765
75.0 0.9827162626877335
76.0 0.9835701163553283
77.0 0.9841416868936683
78.0 0.9849931918019321
79.0 0.9862332800940941
80.0 0.9867941258198316
81.0 0.9883507083308638
82.0 0.9901226255791168
83.0 0.9899166276217803
84.0 0.9898772430693576
85.0 0.9913632256718294
86.0 0.992703360935443
87.0 0.9922586238981712
88.0 0.9923610611894218
89.0 0.9927410789467497
90.0 0.994267558645648
91.0 0.9945683790094753
92.0 0.9956195897570899
93.0 0.9963399564114147
94.0 0.9958640731949037
95.0 0.9954876405132497
96.0 0.9966188405645374
97.0 0.9978218404358377
98.0 0.9983784108722101
99.0 0.9999136855393773
100.0 1.0022328726921486
101.0 1.002215420184889
102.0 1.0023802471269208
103.0 1.0028813016871336
104.0 1.0046498975882128
105.0 1.005931003319166
106.0 1.0067737405322086
107.0 1.0085672247746007
108.0 1.0095748184464315
109.0 1.0112202868939537
110.0 1.0123102416152547
111.0 1.0137056820296162
112.0 1.0138331538605014
113.0 1.015480921271509
114.0 1.017070973092988
115.0 1.017645000607935
116.0 1.0187181714316669
117.0 1.0189181922473325
118.0 1.0177361404089833
119.0 1.0199087818780896
120.0 1.0211995160468554
121.0 1.022619617019014
122.0 1.0230595237098183
123.0 1.0263267936573044
124.0 1.027297443088879
125.0 1.0272411532563606
126.0 1.0269544870221041
127.0 1.0277954555891067
128.0 1.027482508457242
129.0 1.0283443629442377
130.0 1.0290378548795371
131.0 1.0298834740103981
132.0 1.0294394447170294
133.0 1.030264417965326
134.0 1.0298411548381508
135.0 1.0311656384669587
136.0 1.0324478858308346
137.0 1.0329900179198563
138.0 1.0335031793180491
139.0 1.0335629268007898
140.0 1.0337153774997352
141.0 1.0327494734841784
142.0 1.0322942397415555
143.0 1.0325880184965923
144.0 1.0319988884990432
145.0 1.0322469854240597
146.0 1.0328918530174502
147.0 1.033437372914889
148.0 1.0352706355156955
149.0 1.034603911784533
150.0 1.0341039797730511
151.0 1.034980726538168
152.0 1.0345105456276271
153.0 1.0349843373532608
154.0 1.035074741457107
155.0 1.0357281649158105
156.0 1.0341704026524552
157.0 1.0343008357489665
158.0 1.0339167895070682
159.0 1.0343047716231049
160.0 1.0339050091638886
161.0 1.033119488304441
162.0 1.0338289271957402
163.0 1.034248406769427
164.0 1.0337038106068852
165.0 1.0338401755018674
166.0 1.0331668579980144
167.0 1.0326789763656055
168.0 1.031808569098713
169.0 1.0325473779986853
170.0 1.031952824710354
171.0 1.032019340585646
172.0 1.032327521755925
173.0 1.0332680754364232
174.0 1.0346431361353154
175.0 1.034968580088316
176.0 1.0357213421012947
177.0 1.0368446175416415
178.0 1.0371540330606615
179.0 1.0381672433553057
180.0 1.0369082310256066
181.0 1.0368731984860404
182.0 1.0368309426417772
183.0 1.036212821236012
184.0 1.0370063426163674
185.0 1.0370537696397553
186.0 1.0362326305722371
187.0 1.0361309700841044
188.0 1.0368124613575571
189.0 1.0373653333500128
190.0 1.0365541819939277
191.0 1.0371826019663248
192.0 1.037146114437929
193.0 1.0368095558130834
194.0 1.037600464519229
195.0 1.0379862153954205
196.0 1.0376924455876322
197.0 1.0382458422152705
198.0 1.0380072002441494
199.0 1.0380764372774136
200.0 1.0386890371774078
201.0 1.037294093341545
202.0 1.0382674564867527
203.0 1.038509368400939
204.0 1.0389530985681164
205.0 1.0388870324804458
206.0 1.0379429182353126
207.0 1.0381685555563593
208.0 1.038807489357494
209.0 1.038849815162795
210.0 1.0401438733112238
211.0 1.0388270057511573
212.0 1.0396225076720917
213.0 1.038555706091375
214.0 1.0389822556638066
215.0 1.038572812837815
216.0 1.0395994199488918
217.0 1.0384732532352794
218.0 1.0374358171788638
219.0 1.0382330613608082
220.0 1.0377644112667757
221.0 1.0376453262828331
222.0 1.0363428155820844
223.0 1.0359191706540447
224.0 1.0348252148064752
225.0 1.0337518069387708
226.0 1.0334648419630361
227.0 1.032232417921463
228.0 1.0316438809580997
229.0 1.0312133010710114
230.0 1.030476290248591
231.0 1.0297012825175367
232.0 1.0304823791767252
233.0 1.0301075998765226
234.0 1.029795213283702
235.0 1.0293820262144928
236.0 1.0296560997172743
237.0 1.0288424120741038
238.0 1.0273964954390054
239.0 1.0264080308341808
240.0 1.0254895607381218
241.0 1.025620323145548
242.0 1.026266410831576
243.0 1.025459500629086
244.0 1.0251949899462436
245.0 1.025398592878715
246.0 1.023994604547575
247.0 1.0243876119227582
248.0 1.023375402660188
249.0 1.0231438239462307
250.0 1.0234595571752145
251.0 1.023864022120897
252.0 1.0239532504390028
253.0 1.0237392228159459
254.0 1.0237482229721206
255.0 1.0239235344387243
256.0 1.0237468830493082
257.0 1.0224939616967523
258.0 1.0219091136938883
259.0 1.0210874678034656
260.0 1.020414373006007
261.0 1.0199280053701343
262.0 1.0191055866728929
263.0 1.0177284488999063
264.0 1.0179252724402361
265.0 1.0168739029236944
266.0 1.0170288650338413
267.0 1.016169010500555
268.0 1.0148832716648641
269.0 1.0153559570440904
270.0 1.014046220003389
271.0 1.0121302910785623
272.0 1.0130985136287445
273.0 1.0116048761173364
274.0 1.010805037810139
275.0 1.0100749381863952
276.0 1.0104435156874974
277.0 1.0095540311434896
278.0 1.0089764280005165
279.0 1.009176984170471
280.0 1.0082153184716731
281.0 1.007438300796078
282.0 1.0076018702233123
283.0 1.00704153912504
284.0 1.0062927702056346
285.0 1.0061235169833713
286.0 1.0056377110237882
287.0 1.0055003973334617
288.0 1.0064489083185921
289.0 1.0073853909589194
290.0 1.007881936179506
291.0 1.0076048322271627
292.0 1.0067810122429557
293.0 1.0070594516228253
294.0 1.0079174313803259
295.0 1.0081014239146144
296.0 1.007959064566523
297.0 1.0081842956632598
298.0 1.008342498983357
299.0 1.0070547582163774
300.0 1.0065567783811338
301.0 1.0070412043007608
302.0 1.0055991390225973
303.0 1.006551626059801
304.0 1.005353638527487
305.0 1.0044102527411705
306.0 1.004642035947092
307.0 1.0052738018222165
308.0 1.0052356818939476
309.0 1.0047872217787392
310.0 1.0053983649603235
311.0 1.0056637114652185
312.0 1.0051601038810594
313.0 1.0055649458274647
314.0 1.0056754470091716
315.0 1.0046100161571891
316.0 1.0039863461253833
317.0 1.0037207235762329
318.0 1.003591808723744
319.0 1.001744988687474
320.0 1.0023791825387656
321.0 1.0023897864676097
322.0 1.0016731582222305
323.0 1.002413027599078
324.0 1.0019573617653645
325.0 1.0023535611384877
326.0 1.002261300740151
327.0 1.0020251809293126
328.0 1.001980185694897
329.0 1.002332116920254
330.0 1.0020949175528553
331.0 1.002943361224368
332.0 1.0040387873380816
333.0 1.003975045196531
334.0 1.0025193665781849
335.0 1.0012504087453666
336.0 1.0003420951147624
337.0 1.000713626839809
338.0 1.0012232029862296
339.0 0.9996808712555774
340.0 0.9998928172928515
341.0 0.9992728721632366
342.0 1.000418909090653
343.0 1.0009711276261402
344.0 1.0008089360431778
345.0 1.0003710596372883
346.0 0.9997095044699914
347.0 1.0010556762291214
348.0 1.0009664662459292
349.0 1.0013165570204603
350.0 1.001420560032014
351.0 1.0020153515627814
352.0 1.0027137885300976
353.0 1.0022043500028999
354.0 1.0009512656834016
355.0 1.0010801708443793
356.0 1.0007283665188684
357.0 1.000312278897291
358.0 0.999976209891585
359.0 1.000171630194633
360.0 1.0006588160973222
361.0 1.0003755466591742
362.0 1.0017036626145948
363.0 1.0013049503293572
364.0 1.0014402655058745
365.0 1.0026155674469357
366.0 1.0027232589918604
367.0 1.002138486921308
368.0 1.0022257999454376
369.0 1.001900058227679
370.0 1.0025107520529803
371.0 1.0015296496651676
372.0 1.001055789717706
373.0 1.0019744205131924
374.0 1.0016660778612982
375.0 0.9996074762802228
376.0 0.999962943507331
377.0 0.9996488232662155
378.0 0.99811656910843
379.0 0.9967754832157386
380.0 0.9969471893449993
381.0 0.998013447197177
382.0 0.9977915903661302
383.0 0.9964355800434856
384.0 0.9973880967975826
385.0 0.99680251212098
386.0 0.9972899770838138
387.0 0.9972229217632745
388.0 0.9971252355425901
389.0 0.9972472228146062
390.0 0.9976209863130109
391.0 0.9977008905986999
392.0 0.9968464340773683
393.0 0.9964256449681377
394.0 0.9979329079190733
395.0 0.9978493160028743
396.0 0.9970473887922691
397.0 0.9982917381452981
398.0 0.9984711216834613
399.0 0.9996067955387614
400.0 0.9998740280251488
401.0 1.00093205890573
402.0 1.0001200722547654
403.0 1.0009713686871433
404.0 1.0002710679079083
405.0 0.99949085882698
406.0 0.9996305497788853
407.0 0.9995020071628545
408.0 0.9993258318872028
409.0 0.999086836110321
410.0 0.9984957612086215
411.0 0.998349643078805
412.0 0.9986201661097406
413.0 0.997344756013754
414.0 0.9966060543053192
415.0 0.9969442696747558
416.0 0.9961381878371974
417.0 0.9964043195536981
418.0 0.9961633771854826
419.0 0.9958496532931875
420.0 0.9955089143526161
421.0 0.9955151896686121
422.0 0.9949081123318663
423.0 0.994523048731783
424.0 0.9934493660246002
425.0 0.993791328435784
426.0 0.9926502281658339
427.0 0.9919712152421889
428.0 0.9916075615387584
429.0 0.9917463570957447
430.0 0.9922117073299963
431.0 0.9927620817469147
432.0 0.9929998157428088
433.0 0.9932476722575152
434.0 0.992216269410307
435.0 0.9920735701877028
436.0 0.9903878022803688
437.0 0.9905986775546547
438.0 0.990199919988905
439.0 0.9903815859074181
440.0 0.9898930514855868
441.0 0.9886143704353333
442.0 0.9879089754092517
443.0 0.9858985450376613
444.0 0.9863484027912262
445.0 0.9844591463115148
446.0 0.9823627361852928
447.0 0.9808262773213479
448.0 0.980208377476223
449.0 0.9792369635890273
450.0 0.9781639309165104
451.0 0.9784219365291724
452.0 0.9782626599674888
453.0 0.9769436882954075
454.0 0.9755631174197915
455.0 0.9743751372897901
456.0 0.9727617962661256
457.0 0.9724181327853725
458.0 0.9711048236335245
459.0 0.9704273768768601
460.0 0.9697999156085051
461.0 0.9687554555699781
462.0 0.9677231205173303
463.0 0.966256447403902
464.0 0.965412848491093
465.0 0.9647915297449673
466.0 0.9635044250319513
467.0 0.9636160392722886
468.0 0.9635167122700622
469.0 0.962131886031641
470.0 0.9620122123165038
471.0 0.9619169926118561
472.0 0.9629936063527051
473.0 0.961472483538255
474.0 0.9610647037023345
475.0 0.9598380178835735
476.0 0.9593139134291715
477.0 0.9585312822857189
478.0 0.95811035856256
479.0 0.957055565017017
480.0 0.9559488308879744
481.0 0.9557651392777367
482.0 0.9565534665125675
483.0 0.9563978308446746
484.0 0.9563791736332683
485.0 0.9569877025546499
486.0 0.9568965374601526
487.0 0.9569509054747114
488.0 0.9564581144053812
489.0 0.9572111749253148
490.0 0.9583612741307843
491.0 0.9587325546318292
492.0 0.9589633568305062
493.0 0.9590883103064411
494.0 0.9613863448263814
495.0 0.9609996450212439
496.0 0.9614865504948016
497.0 0.9624583386205029
498.0 0.962483338002691
499.0 0.9647063682568205
500.0 0.9649888418871725
501.0 0.9658329602266542
502.0 0.966979499290624
503.0 0.9668726307613543
504.0 0.96698318289277
505.0 0.9678840759239045
506.0 0.9683758420179082
507.0 0.9680954809165017
508.0 0.9688181393063153
509.0 0.9678944833131635
510.0 0.9692447011207822
511.0 0.9701648302269538
512.0 0.9702763072169185
513.0 0.9707387074619673
514.0 0.9695944213872217
515.0 0.9695289528322992
516.0 0.9701767165694559
517.0 0.9697589200823165
518.0 0.970241939935902
519.0 0.9707358940289748
520.0 0.9709211877075322
521.0 0.9711450761651332
522.0 0.9715364227681791
523.0 0.9719541601312748
524.0 0.9720606613974292
525.0 0.9731737496950927
526.0 0.9738492832358757
527.0 0.9743659913700344
528.0 0.9745525724758966
529.0 0.9752328870253937
530.0 0.9746333600736686
531.0 0.9750973286213964
532.0 0.9757640882442229
533.0 0.9759954956157262
534.0 0.9769450748809076
535.0 0.9781307180345191
536.0 0.9785600825217624
537.0 0.9787284664082687
538.0 0.9803415558733187
539.0 0.981491964097043
540.0 0.9816405146016484
541.0 0.9826824126206114
542.0 0.9837599793747274
543.0 0.9845567190460883
544.0 0.985163095621119
545.0 0.9847760242803113
546.0 0.9852289694371037
547.0 0.9863525138568316
548.0 0.9865501281735604
549.0 0.987567319342939
550.0 0.9877351022045077
551.0 0.9881793841498593
552.0 0.9890983785909981
553.0 0.9905494972687685
554.0 0.9902186077433791
555.0 0.9912001724539086
556.0 0.9910959515545974
557.0 0.991327374529603
558.0 0.9921109554497768
559.0 0.9938250575617409
560.0 0.9944765038007625
561.0 0.9942181389804018
562.0 0.9951169438162997
563.0 0.9952536054736967
564.0 0.9958661019281849
565.0 0.9966093521870129
566.0 0.9980072289724544
567.0 0.9983041564800248
568.0 0.9987233562738825
569.0 0.9980656134524635
570.0 0.9973721789464929
571.0 0.9983330439500985
572.0 0.9990178794982012
573.0 0.9993161264845175
574.0 0.9999319922547194
575.0 1.001199726920506
576.0 1.0010896087668548
577.0 1.0001223011708256
578.0 1.000769367923059
579.0 1.0008579128610595
580.0 1.001062005957694
581.0 1.002189041534895
582.0 1.002538757175384
583.0 1.00317202391889
584.0 1.00297483915585
585.0 1.0031091491682762
586.0 1.0035336420350043
587.0 1.0041646445522843
588.0 1.004782090355183
589.0 1.0034278043032485
590.0 1.0033810251080912
591.0 1.002609845687346
592.0 1.0018998182793581
593.0 1.0013536645365497
594.0 1.0010165252113086
595.0 0.9998169602803763
596.0 0.9995169910417164
597.0 0.9989970819179969
598.0 0.9977060223929501
599.0 0.9962286572922965
600.0 0.9962885034795178
601.0 0.9960686834718575
602.0 0.9959181961565918
603.0 0.9954605077847511
604.0 0.995664020628307
605.0 0.994713014137694
606.0 0.9952558262025487
607.0 0.9954141014094852
608.0 0.9954153675704233
609.0 0.9953582014523505
610.0 0.9955180879301905
611.0 0.9952037367856159
612.0 0.9952370420945384
613.0 0.9939230736018196
614.0 0.9952113470359046
615.0 0.9942221777848035
616.0 0.9959392096212906
617.0 0.9965621780354339
618.0 0.9966273630372537
619.0 0.9963499679812675
620.0 0.9972872033209472
621.0 0.9985140756374199
622.0 0.9996327630314602
623.0 1.0002644827876956
624.0 1.0010969364941888
625.0 1.0020659848237357
626.0 1.0030955655682177
627.0 1.0031986896407723
628.0 1.0034227322301443
629.0 1.0028729088772055
630.0 1.0020401585924663
631.0 1.0007182983632508
632.0 1.0013672164016014
633.0 1.001970844690419
634.0 1.0022468697618447
635.0 1.0016639535631964
636.0 1.0014090124663713
637.0 1.0020251743546738
638.0 1.0021746305823616
639.0 1.0028489825005806
640.0 1.002383562641165
641.0 1.0041983082536723
642.0 1.0053825914935803
643.0 1.0055768382189834
644.0 1.0055913795823326
645.0 1.006660595162606
646.0 1.0071007092206303
647.0 1.008286669737546
648.0 1.0084076915877913
649.0 1.0086266633879302
650.0 1.0086454729789291
651.0 1.009494898308072
652.0 1.009026020868403
653.0 1.008542327291613
654.0 1.0091817514209518
655.0 1.009399945459412
656.0 1.008247085752368
657.0 1.0082058041963826
658.0 1.00763484027453
659.0 1.0064271589877127
660.0 1.0062683273754738
661.0 1.0054176927598357
662.0 1.0059132705706535
663.0 1.0051166344433164
664.0 1.0041323283966512
665.0 1.003919355382
666.0 1.002963341059986
667.0 1.0029286260009675
668.0 1.0014267699406627
669.0 1.0014419690954428
670.0 1.0010662099972805
671.0 1.0004110236937442
672.0 1.0003219206578613
673.0 0.9995370201289956
674.0 0.9987819444696067
675.0 0.997317097448617
676.0 0.9970222969186634
677.0 0.9971832979639215
678.0 0.9969514262631234
679.0 0.9977376874691363
680.0 0.9970505905339512
681.0 0.996483700556445
682.0 0.9967165262844824
683.0 0.9958498528547268
684.0 0.9896295565219329
685.0 0.9911744690189251
686.0 0.9962645938222724
687.0 0.9970293001446628
688.0 0.9976099826890706
689.0 0.9972169215780154
690.0 0.9977931119462254
691.0 0.9970693740224462
692.0 0.9968601092197724
693.0 0.9967241999029633
694.0 0.995591437844475
695.0 0.9944433759227117
696.0 0.9935822314630703
697.0 0.9926802061928613
698.0 0.9911340188342118
699.0 0.9906783062812514
700.0 0.9911214004421486
701.0 0.9908672746174427
702.0 0.9909548086369232
703.0 0.990097376090646
704.0 0.9910214641513159
705.0 0.9908123504181526
706.0 0.9913159756862526
707.0 0.9924039331687248
708.0 0.9914759499191113
709.0 0.9920069056728537
710.0 0.9929783979411019
711.0 0.9924990759247123
712.0 0.9928237520917723
713.0 0.9941335991150462
714.0 0.9935229421723307
715.0 0.9929509851013428
716.0 0.9922160554854085
717.0 0.992330826607701
718.0 0.9909410289862024
719.0 0.9909688937499531
720.0 0.9912399937397324
721.0 0.9904423067770736
722.0 0.9900209658570223
723.0 0.9887032870521869
724.0 0.9893307240131457
725.0 0.9906254851865206
726.0 0.9910027310802871
727.0 0.990749527359258
728.0 0.9902454979062199
729.0 0.9899457384476852
730.0 0.9894998384993606
731.0 0.9885627116287015
732.0 0.9879976698344192
733.0 0.9889516512412441
734.0 0.9886488161732596
735.0 0.988778868806549
736.0 0.9898439071547638
737.0 0.9889992966083544
738.0 0.9908446316776575
739.0 0.9897438581321113
740.0 0.9899933541836327
741.0 0.9899293804217397
742.0 0.9899372123478868
743.0 0.9894758115203037
744.0 0.9882026516086518
745.0 0.9822481920419219
746.0 0.9899824085479699
747.0 0.9905339375712203
748.0 0.9893428885987984
749.0 0.989551954839529
750.0 0.9886737970203534
751.0 0.9881939322552082
752.0 0.9883380077671086
753.0 0.9888783305175018
754.0 0.9890296907085061
755.0 0.9883431222693416
756.0 0.9873505848831365
757.0 0.9862915501135813
758.0 0.9856041805248648
759.0 0.9861064172008563
760.0 0.9853666359563789
761.0 0.9852987683824359
762.0 0.9861005739779193
763.0 0.9859255701721978
764.0 0.9875512342114737
765.0 0.987922237741973
766.0 0.9884158833161013
767.0 0.9882555306817343
768.0 0.9889522642552773
769.0 0.989745228891306
770.0 0.9900753255085097
771.0 0.9905842882422937
772.0 0.9907681543925341
773.0 0.9906107816110268
774.0 0.9910775699979472
775.0 0.9916831962142314
776.0 0.9911819412971103
777.0 0.9908225917775317
778.0 0.9903542735294664
779.0 0.9902455208082482
780.0 0.9897431945902321
781.0 0.9900836864506237
782.0 0.990020875415285
783.0 0.9897203621962386
784.0 0.9902137662298129
785.0 0.9902170325122339
786.0 0.9902589385555499
787.0 0.9896334954394839
788.0 0.9912258926624146
789.0 0.9911272420621616
790.0 0.9923419793617554
791.0 0.9936874538979955
792.0 0.9940699523600698
793.0 0.9953863196350625
794.0 0.9959529359654445
795.0 0.9974511491882646
796.0 0.9983807167107308
797.0 1.0002643433066365
798.0 1.0007607886539045
799.0 1.0021705842460886
800.0 1.0035006161190454
801.0 1.004153999370563
802.0 1.0057371036917748
803.0 1.007177378327822
804.0 1.0081136970622337
805.0 1.009801557696765
806.0 1.0106618578265827
807.0 1.0128681867259621
808.0 1.013876221267732
809.0 1.013761068883296
810.0 1.014735296967645
811.0 1.0169044782183057
812.0 1.0176903202445555
813.0 1.0185417418116236
814.0 1.0195499806301407
815.0 1.0210414221564563
816.0 1.021960853589188
817.0 1.0228252144700924
818.0 1.024927696885187
819.0 1.0265175977101746
820.0 1.028221818350344
821.0 1.0279242440363334
822.0 1.0286758526428088
823.0 1.0299358670963477
824.0 1.0314680803125438
825.0 1.0324407782739444
826.0 1.0328438982379984
827.0 1.0333193350978374
828.0 1.035122536801302
829.0 1.0361025053294142
830.0 1.0370547697857426
831.0 1.0388635865236189
832.0 1.0397734410056483
833.0 1.040799410305481
834.0 1.0411429219248
835.0 1.0424840474232593
836.0 1.0435110553113502
837.0 1.0432503193494134
838.0 1.0433728599122345
839.0 1.0435390582819228
840.0 1.0422453251266832
841.0 1.0423365165128686
842.0 1.0422115588675491
843.0 1.0425156541918665
844.0 1.0417299625987528
845.0 1.0404857861626176
846.0 1.0383099265828846
847.0 1.0364803764826287
848.0 1.0353461652623164
849.0 1.0355101181222268
850.0 1.0340735568585602
851.0 1.0328912569827786
852.0 1.032356781149452
853.0 1.0309915391550748
854.0 1.0301455199527132
855.0 1.0289100490713747
856.0 1.028498742210024
857.0 1.0279448431480567
858.0 1.0269624974404252
859.0 1.0258621274610853
860.0 1.0262523627405482
861.0 1.0235818946499067
862.0 1.0226178362036087
863.0 1.0208578972233782
864.0 1.0203978878190894
865.0 1.0194039350193294
866.0 1.0202084336538162
867.0 1.0197157573544358
868.0 1.0184638284004484
869.0 1.0172229422558015
870.0 1.0172942763907507
871.0 1.017014222998759
872.0 1.0159652688168173
873.0 1.0144769668805766
874.0 1.0139825895126375
875.0 1.0140166609624583
876.0 1.013415616034872
877.0 1.012069770707744
878.0 1.0117535115263758
879.0 1.0110414312660385
880.0 1.0119160035430899
881.0 1.0100842126358327
882.0 1.0094943109273797
883.0 1.0096476984422817
884.0 1.0094903459959514
885.0 1.0097600556387658
886.0 1.0091833286758038
887.0 1.008397476279684
888.0 1.008776579199313
889.0 1.0090114535789474
890.0 1.00834153241975
891.0 1.0083709764349778
892.0 1.0078447642937587
893.0 1.007436353333896
894.0 1.0062027673252862
895.0 1.0057751547000406
896.0 1.0049447337639803
897.0 1.0039930409577407
898.0 1.0034037268365639
899.0 1.0016394957057078
900.0 1.0012213239136005
901.0 1.0014756900000221
902.0 1.0001233573905386
903.0 0.9987127448864345
904.0 0.9986003849750921
905.0 0.9969763922140481
906.0 0.9965397627507211
907.0 0.9959741709633652
908.0 0.9942176767415797
909.0 0.9932005878918484
910.0 0.9929621755922665
911.0 0.9938982711757655
912.0 0.9947682365848373
913.0 0.9946715831730397
914.0 0.9942073508397883
915.0 0.9964583581360867
916.0 0.9968452050744565
917.0 0.9977761881692496
918.0 0.9974599444244406
919.0 0.9969944470121423
920.0 0.9973706873716623
921.0 0.9967470236772756
922.0 0.9965656778258359
923.0 0.9971846379079504
924.0 0.9981171981740056
925.0 0.9983954078768597
926.0 1.0003408789394486
927.0 1.0023133984155126
928.0 1.0030527047859763
929.0 1.0033029800332407
930.0 1.003318628682847
931.0 1.0042763039361435
932.0 1.0056415333127227
933.0 1.0060306410136504
934.0 1.0077237551240315
935.0 1.008032480572844
936.0 1.0075617465981959
937.0 1.008839143884567
938.0 1.0099880504857606
939.0 1.009674811582531
940.0 1.0103057146305567
941.0 1.0112475342325185
942.0 1.011971668100556
943.0 1.012431905122796
944.0 1.014200515522651
945.0 1.0151554959732665
946.0 1.0143900798870877
947.0 1.0139472269577037
948.0 1.0148560013003392
949.0 1.0150376991313064
950.0 1.0139644408526078
951.0 1.0140591296912007
952.0 1.011660546014827
953.0 1.0120095097117703
954.0 1.0105658960498598
955.0 1.009213395791635
956.0 1.0082608654560794
957.0 1.007260263125272
958.0 1.0059806266251907
959.0 1.0065611683858942
960.0 1.0063036208159297
961.0 1.0055873150523116
962.0 1.0035320601861817
963.0 1.0025462789353714
964.0 1.000565958297198
965.0 0.9996438461794996
966.0 0.9994115025068281
967.0 0.9985975974074047
968.0 0.998690490020284
969.0 0.9997012046094356
970.0 0.9995005764925478
971.0 0.999173466324427
972.0 0.9979851889019362
973.0 0.9990346153095293
974.0 0.9984228293027472
975.0 0.9974696464810431
976.0 0.9981477648241299
977.0 0.9974515075897079
978.0 0.9979773195425552
979.0 0.9973846113049905
980.0 0.997152617962337
981.0 0.9972249762412404
982.0 0.9965711654347048
983.0 0.9955772484092694
984.0 0.9963695924963722
985.0 0.9952879090568498
986.0 0.9946974073399587
987.0 0.9945222006259601
988.0 0.9948790194039547
989.0 0.9942072258911566
990.0 0.9933617368682588
991.0 0.9924390986908035
992.0 0.99259213235164
993.0 0.9927236840341526
994.0 0.9923916136203169
995.0 0.9916558956028233
996.0 0.9905678027124258
997.0 0.9902530765391421
998.0 0.9893768665561641
999.0 0.9891883691581668
1000.0 0.9884682946462809
1001.0 0.9886481562363774
1002.0 0.988728629595366
1003.0 0.9885197483272548
1004.0 0.9885986411677105
1005.0 0.9890506209225588
1006.0 0.9886238077213255
1007.0 0.9875758567731953
1008.0 0.9879559432709868
1009.0 0.9874293499596684
1010.0 0.9886145867302458
1011.0 0.9886490976571165
1012.0 0.9891204801791067
1013.0 0.9898208710361291
1014.0 0.9909396858832469
1015.0 0.9924967088245561
1016.0 0.9920521959790247
1017.0 0.9928155408649133
1018.0 0.9929356229645856
1019.0 0.9940607240107323
1020.0 0.9954750949644546
1021.0 0.9965980039604869
1022.0 0.9983269645037304
1023.0 0.9996572950552048
1024.0 1.0003229699773186
1025.0 1.0023094811362514
1026.0 1.0040260148538453
1027.0 1.0060578147011083
1028.0 1.006579419016547
1029.0 1.0086921168444665
1030.0 1.010801535448534
1031.0 1.0125425344584529
1032.0 1.0145073136081537
1033.0 1.015499777521412
1034.0 1.016757454914363
1035.0 1.0172710227113744
1036.0 1.0180965574205787
1037.0 1.019044045405686
1038.0 1.020332635779733
1039.0 1.0200623482202353
1040.0 1.0210594825934942
1041.0 1.021649094357862
1042.0 1.0223462585247889
1043.0 1.0235030703321002
1044.0 1.0235296061979793
1045.0 1.0234546303666152
1046.0 1.0223689563682963
1047.0 1.0216097908436215
1048.0 1.0213722217785128
1049.0 1.0201428319316272
1050.0 1.0199601693823719
1051.0 1.0192612277348752
1052.0 1.0174654333998303
1053.0 1.0179168039657598
1054.0 1.0169257471704312
1055.0 1.0174953038927221
1056.0 1.0186215587482246
1057.0 1.0176644667791173
1058.0 1.0182907191431212
1059.0 1.0189017399939644
1060.0 1.0182446970891579
1061.0 1.0182361551418415
1062.0 1.016740048576906
1063.0 1.0150053791086358
1064.0 1.0155493939468478
1065.0 1.0157379208341413
1066.0 1.015761374104712
1067.0 1.0162467275995906
1068.0 1.0165192232589595
1069.0 1.0161024594981285
1070.0 1.0147274693166026
1071.0 1.0146037924720746
1072.0 1.014264864675629
1073.0 1.0134166447053703
1074.0 1.0129908105121659
1075.0 1.0131955474552097
1076.0 1.0123451414304436
1077.0 1.0124060505821344
1078.0 1.012825892784092
1079.0 1.0125022820819944
1080.0 1.0113678817739573
1081.0 1.0105125679229248
1082.0 1.0103644928744147
1083.0 1.0104579974232522
1084.0 1.009846318253104
1085.0 1.0105952689742659
1086.0 1.0118133020485982
1087.0 1.0131317958057455
1088.0 1.013814180461552
1089.0 1.014281755672859
1090.0 1.0140021038361653
1091.0 1.0144945649020016
1092.0 1.0152305167990456
1093.0 1.0151836270959604
1094.0 1.016488042088235
1095.0 1.016161541128271
1096.0 1.0163026459685243
1097.0 1.016546256697381
1098.0 1.0174736376222753
1099.0 1.0209332493921286
1100.0 1.0238811536483348
1101.0 1.0225314439469115
1102.0 1.0168632161728541
1103.0 1.0143413039522142
1104.0 1.0128885629038258
1105.0 1.0124931288572019
1106.0 1.0116691463163239
1107.0 1.011993722402557
1108.0 1.012798150069413
1109.0 1.0133885184365408
1110.0 1.0134100775154442
1111.0 1.012877662041782
1112.0 1.012754933161475
1113.0 1.0126918467839043
1114.0 1.0113386255102315
1115.0 1.010569814595197
1116.0 1.0096634690610637
1117.0 1.0086096358994618
1118.0 1.006338059297975
1119.0 1.0048873856085947
1120.0 1.00513778650999
1121.0 1.0035339106325178
1122.0 1.0017431853289185
1123.0 0.9995990904343964
1124.0 0.9984380741911548
1125.0 0.9972468060419822
1126.0 0.9960398423481496
1127.0 0.994981767475641
1128.0 0.9920464030435766
1129.0 0.9916177619498139
1130.0 0.9907623578441489
1131.0 0.9895627904491566
1132.0 0.9886685935421756
1133.0 0.9877770665864737
1134.0 0.987645777185829
1135.0 0.9867628695126355
1136.0 0.9853088665548894
1137.0 0.9851307135639626
1138.0 0.9845693897986982
1139.0 0.9832033124131307
1140.0 0.9831781337109323
1141.0 0.9829547157639236
1142.0 0.9822193380705694
1143.0 0.9812062421788618
1144.0 0.9801235924819751
1145.0 0.9797371580357852
1146.0 0.9797618932486805
1147.0 0.9783031029337742
1148.0 0.9790194877280043
1149.0 0.9777586499992005
1150.0 0.9774879752327142
1151.0 0.9782206833311339
1152.0 0.9775650462346605
1153.0 0.9771405958304084
1154.0 0.9773684732342628
1155.0 0.9767469936050623
1156.0 0.9765524368793584
1157.0 0.9774907676597142
1158.0 0.9773031332947646
1159.0 0.9758326548283148
1160.0 0.975596597760606
1161.0 0.9748574125699702
1162.0 0.9742020356490451
1163.0 0.9728208234541189
1164.0 0.9714176435959078
1165.0 0.9693792312034976
1166.0 0.9679014676682258
1167.0 0.9672040932709463
1168.0 0.9652978311047956
1169.0 0.9631295090840734
1170.0 0.9613671924285292
1171.0 0.9580425250727079
1172.0 0.9603510916853625
1173.0 0.960817793226233
1174.0 0.9600853227995482
1175.0 0.9588934496690541
1176.0 0.956999986415628
1177.0 0.9567018326587412
1178.0 0.9579555144513465
1179.0 0.9578495284721169
1180.0 0.9579944268217069
1181.0 0.9578946638275764
1182.0 0.9574271398822477
1183.0 0.9583009989914266
1184.0 0.9584188548577832
1185.0 0.9576908819717354
1186.0 0.957087720642277
1187.0 0.9594443607930555
1188.0 0.9594973885507864
1189.0 0.9620117559343905
1190.0 0.9654131624843185
1191.0 0.9672287505477634
1192.0 0.9658218679927066
1193.0 0.9649415955325469
1194.0 0.9659270658324417
1195.0 0.9700289334279688
1196.0 0.9707733258341938
1197.0 0.9707385474647806
1198.0 0.9695899400479954
1199.0 0.9681898667650378
1200.0 0.9669866871923103
1201.0 0.9667859800308751
1202.0 0.9668814998061891
1203.0 0.966023210838743
1204.0 0.965065365086444
1205.0 0.9658206453795817
1206.0 0.9656615952625355
1207.0 0.9657672495464622
1208.0 0.9659493336122469
1209.0 0.9654364540819009
1210.0 0.9663647257963127
1211.0 0.9662297511163328
1212.0 0.9664687378418012
1213.0 0.9661324940944147
1214.0 0.965820256215857
1215.0 0.9651609627577489
1216.0 0.9638426964842676
1217.0 0.9640833988036049
1218.0 0.9627959081770487
1219.0 0.961928224661054
1220.0 0.9609495938027499
1221.0 0.9592702906268913
1222.0 0.9589313797304969
1223.0 0.9583637948460975
1224.0 0.9572618892722189
1225.0 0.9572691117614033
1226.0 0.9554486337346325
1227.0 0.9555147826651685
1228.0 0.9563451509310096
1229.0 0.9553743773674137
1230.0 0.9551880253885621
1231.0 0.9543740989296294
1232.0 0.953502214428433
1233.0 0.954855792204139
1234.0 0.9555839543268707
1235.0 0.9552984531802515
1236.0 0.9561792402664895
1237.0 0.9569495278029067
1238.0 0.9576174236941379
1239.0 0.9566557493633294
1240.0 0.9579387417788963
1241.0 0.9578741271762307
1242.0 0.9566577331341437
1243.0 0.9580193259436582
1244.0 0.9583604217728621
1245.0 0.9588013332512267
1246.0 0.9583409835586212
1247.0 0.9589409130141902
1248.0 0.959744796857351
1249.0 0.9593914474843023
1250.0 0.9590391317437826
1251.0 0.9583486324427499
1252.0 0.9598320957707105
1253.0 0.9598124419165694
1254.0 0.960237363908963
1255.0 0.9604238087502914
1256.0 0.9607330336900913
1257.0 0.9616229277418874
1258.0 0.9626366064512987
1259.0 0.9626174002162353
1260.0 0.9639018742609545
1261.0 0.9640436867658992
1262.0 0.9657180989001614
1263.0 0.9659218976685072
1264.0 0.9666586092008139
1265.0 0.9670957527567023
1266.0 0.9673607745504152
1267.0 0.9674016823033786
1268.0 0.9682511411287006
1269.0 0.9697735492943899
1270.0 0.9707899345878834
1271.0 0.9721846644753789
1272.0 0.9725178266548217
1273.0 0.9738290155034385
1274.0 0.9751958686961313
1275.0 0.9761292749270454
1276.0 0.976588052996992
1277.0 0.9769529635398648
1278.0 0.9773317875395462
1279.0 0.9773248693612476
1280.0 0.9781136798598996
1281.0 0.9780996668570507
1282.0 0.9778065270309454
1283.0 0.9777004219697987
1284.0 0.9780623736369062
1285.0 0.9783112549355477
1286.0 0.9796824469182324
1287.0 0.9800960614871886
1288.0 0.9809130700730451
1289.0 0.9815148979277721
1290.0 0.9808142816566562
1291.0 0.9813190602561819
1292.0 0.9809058335547536
1293.0 0.9814279881802517
1294.0 0.9812666633401403
1295.0 0.9818780653114995
1296.0 0.9820153960826724
1297.0 0.9823554099129251
1298.0 0.9832421205845165
1299.0 0.9854658804748293
1300.0 0.9865249769928347
1301.0 0.987109878285638
1302.0 0.9886605033431798
1303.0 0.9900325269929865
1304.0 0.9916526032545804
1305.0 0.991506522384575
1306.0 0.9908402408699546
1307.0 0.9919780296763296
1308.0 0.991932852860993
1309.0 0.9917451194503527
1310.0 0.9906413222832859
1311.0 0.9905020151491212
1312.0 0.9910251776193675
1313.0 0.9917757828222434
1314.0 0.9910748164231106
1315.0 0.989775732107148
1316.0 0.9890567623610933
1317.0 0.9883933636590738
1318.0 0.9885362473216224
1319.0 0.9878177422080989
1320.0 0.9873086086555504
1321.0 0.986374589837812
1322.0 0.9862244296464582
1323.0 0.984915900577392
1324.0 0.984484965280495
1325.0 0.983459733369742
1326.0 0.9823809001405358
1327.0 0.9813696492850557
1328.0 0.9807495836997209
1329.0 0.9806148234658412
1330.0 0.9813664876180093
1331.0 0.9803236960581659
1332.0 0.979283285425769
1333.0 0.9773244534572402
1334.0 0.9780061242534833
1335.0 0.9771704889124463
1336.0 0.9757639742005307
1337.0 0.975557817846733
1338.0 0.9742632840268537
1339.0 0.9737794767972207
1340.0 0.9736164646205137
1341.0 0.9729591298444418
1342.0 0.9727353235212439
1343.0 0.9730985153735745
1344.0 0.9733474212051435
1345.0 0.9737858877672088
1346.0 0.9735897235363857
1347.0 0.9726140004048048
1348.0 0.9722185090393908
1349.0 0.9728414003233362
1350.0 0.9719225738548654
1351.0 0.9723653533796328
1352.0 0.9719993372836147
1353.0 0.9721912424422015
1354.0 0.9707157650482104
1355.0 0.9706702528601996
1356.0 0.97091987222038
1357.0 0.9713197100481167
1358.0 0.9711492148683412
1359.0 0.9710639770090297
1360.0 0.971489731964298
1361.0 0.9723626075028782
1362.0 0.9727013030647668
1363.0 0.973731043365761
1364.0 0.9745532993535794
1365.0 0.9750258488191242
1366.0 0.9768051164805944
1367.0 0.9778237758033539
1368.0 0.9778740663788665
1369.0 0.9797926598628118
1370.0 0.9805318608527531
1371.0 0.9814498071364752
1372.0 0.9815039437023434
1373.0 0.9815964708031177
1374.0 0.9821789978651141
1375.0 0.9836929393333254
1376.0 0.9830725812404152
1377.0 0.9832712534675573
1378.0 0.9839940075046593
1379.0 0.9842384860541167
1380.0 0.9857119274343623
1381.0 0.988328521118513
1382.0 0.9921321293198899
1383.0 0.9928098507068835
1384.0 0.9900369804586779
1385.0 0.9877585968000934
1386.0 0.9852299026593864
1387.0 0.9841980923063776
1388.0 0.9820401005903878
1389.0 0.9806951232681631
1390.0 0.9802266378152585
1391.0 0.9782126466343911
1392.0 0.9774750331903136
1393.0 0.9771227960042391
1394.0 0.9805807273138842
1395.0 0.98014663991214
1396.0 0.9787102173933155
1397.0 0.9763767114312505
1398.0 0.9765017960747461
1399.0 0.9768835535757416
1400.0 0.9783435948201089
1401.0 0.9795341057867424
1402.0 0.9800932736621619
1403.0 0.9817827904374816
1404.0 0.9834549728128551
1405.0 0.9841480844026905
1406.0 0.9849746820547726
1407.0 0.9863539670483988
1408.0 0.9866008658392591
1409.0 0.9833124047612916
1410.0 0.9839462542993084
1411.0 0.98987367086929
1412.0 0.9926377513509098
1413.0 0.9940464233359363
1414.0 0.9955863271929976
1415.0 0.9966324810850506
1416.0 0.9981315608438311
1417.0 0.9997977210252347
1418.0 1.002228997102471
1419.0 1.0038694263195362
1420.0 1.0046989179291983
1421.0 1.007009603899561
1422.0 1.0074679612992565
1423.0 1.0097099321843859
1424.0 1.0109435582866269
1425.0 1.0125646411891072
1426.0 1.0125631348916717
1427.0 1.011989527166162
1428.0 1.0119007421320148
1429.0 1.0123887598585128
1430.0 1.013417503656702
1431.0 1.014462301827912
1432.0 1.014063737467245
1433.0 1.0139091671692146
1434.0 1.0152450264599728
1435.0 1.0149451036221857
1436.0 1.01279199775801
1437.0 1.0126890561147688
1438.0 1.01175355167291
1439.0 1.0101267434797165
1440.0 1.0111044495942456
1441.0 1.0097973574921821
1442.0 1.0094367485215012
1443.0 1.008661071518475
1444.0 1.0083328535131808
1445.0 1.008413167471985
1446.0 1.009402456088157
1447.0 1.0097644715093
1448.0 1.0081853538367989
1449.0 1.008846576473368
1450.0 1.0100791702434593
1451.0 1.0120145928616449
1452.0 1.01279788398877
1453.0 1.0155030988167626
1454.0 1.0167598237165654
1455.0 1.0168928357528941
1456.0 1.0183171773998245
1457.0 1.019612171766317
1458.0 1.0201943692394462
1459.0 1.0187573306201314
1460.0 1.0188764648725193
1461.0 1.0178411339413422
1462.0 1.016872588868657
1463.0 1.0173324585736496
1464.0 1.0179772356713888
1465.0 1.0173721669391862
1466.0 1.0192395684933697
1467.0 1.020351313450869
1468.0 1.020512379542522
1469.0 1.0184574321394713
1470.0 1.0158192154244068
1471.0 1.0105581660581389
1472.0 1.0082357693971518
1473.0 1.0113034233756157
1474.0 1.0180337919727356
1475.0 1.0252880211374384
1476.0 1.0299715773783114
1477.0 1.030301473691572
1478.0 1.0273927359677577
1479.0 1.024498559358027
1480.0 1.0207689481116635
1481.0 1.015944997317572
1482.0 1.0136625912176376
1483.0 1.011485490433428
1484.0 1.0114536491924717
1485.0 1.0106792374796685
1486.0 1.0104001931813804
1487.0 1.0102682032951256
1488.0 1.010213616983413
1489.0 1.0100914046433276
1490.0 1.0091808853928221
1491.0 1.0089482257030784
1492.0 1.0091942214004714
1493.0 1.0087886534621486
1494.0 1.0082254757259546
1495.0 1.008046439902323
1496.0 1.0073120376117668
1497.0 1.0073155787994474
1498.0 1.006918447671718
1499.0 1.0072823810341136
1500.0 1.0066807224227874
1501.0 1.0063249323575687
1502.0 1.0051473873654888
1503.0 1.0050065110919733
1504.0 1.0031811837069329
1505.0 1.003782477739316
1506.0 1.0039275280535298
1507.0 1.0039560890953607
1508.0 1.0022591413356845
1509.0 1.001958199949517
1510.0 1.002042555910825
1511.0 1.0015480572735276
1512.0 1.0011933814326446
1513.0 0.9997097614959886
1514.0 1.0004259142706584
1515.0 1.0000946049422896
1516.0 0.9989995066930852
1517.0 0.9996207921947057
1518.0 0.999209657404876
1519.0 0.9983812326326145
1520.0 0.9988201186465947
1521.0 0.9980910473833027
1522.0 0.9978680973086691
1523.0 0.9981184688215615
1524.0 0.9977506204653273
1525.0 0.9983352522949449
1526.0 0.9979960256525653
1527.0 0.9985245066895897
1528.0 0.998466747662584
1529.0 0.9991215054985115
1530.0 0.9993387345777676
1531.0 0.9991801539875609
1532.0 0.9991385769199019
1533.0 0.9998227156463274
1534.0 1.000304411178581
1535.0 1.0016105061183833
1536.0 1.00268396652804
1537.0 1.0026974348155138
1538.0 1.0031619014974924
1539.0 1.0047116464443113
1540.0 1.0043038903628754
1541.0 1.0046049046644903
1542.0 1.0053024150438763
1543.0 1.0056122864618398
1544.0 1.0057806303367207
1545.0 1.0072603438366443
1546.0 1.0065759903138272
1547.0 1.0074231670557359
1548.0 1.0072464134542713
1549.0 1.0073120830905151
1550.0 1.0075999134757692
1551.0 1.0074310740684727
1552.0 1.007503926228215
1553.0 1.007828090402384
1554.0 1.0080788636322662
1555.0 1.0080648996978367
1556.0 1.008652080898546
1557.0 1.0093413095502084
1558.0 1.010067526854398
1559.0 1.0104038322703102
1560.0 1.0108353930315919
1561.0 1.0114556796321361
1562.0 1.0111721522215205
1563.0 1.0119398735079979
1564.0 1.012040399813989
1565.0 1.0118040590908615
1566.0 1.0130292734944595
1567.0 1.0143072124042383
1568.0 1.0152959916692332
1569.0 1.015754709180118
1570.0 1.016225376180396
1571.0 1.0162837366033772
1572.0 1.0168049753948085
1573.0 1.017372740645304
1574.0 1.018152533075324
1575.0 1.0190535752267815
1576.0 1.0213904352151686
1577.0 1.0228503130773545
1578.0 1.02404169871558
1579.0 1.0246490368185357
1580.0 1.0250065286181185
1581.0 1.0264479485523859
1582.0 1.0276721321330797
1583.0 1.0276741257628288
1584.0 1.028907643517714
1585.0 1.0290327299377324
1586.0 1.0284174272182294
1587.0 1.023794880121746
1588.0 1.0184172483064569
1589.0 1.0202492668988692
1590.0 1.0257863216495262
1591.0 1.0306109639232015
1592.0 1.0312931964605145
1593.0 1.0315441673174357
1594.0 1.0322642424990094
1595.0 1.0321887229114122
1596.0 1.0324778843099756
1597.0 1.0317652353866429
1598.0 1.0326735301645364
1599.0 1.0313698581068502
1600.0 1.0301355850341256
1601.0 1.0295727776187862
1602.0 1.0298066118018434
1603.0 1.028849933302982
1604.0 1.0284276297125647
1605.0 1.0274052421023507
1606.0 1.0258545596494615
1607.0 1.0263494276078071
1608.0 1.0234882619905914
1609.0 1.021950729780479
1610.0 1.0222227059777158
1611.0 1.0214048703298577
1612.0 1.0197711565479177
1613.0 1.0191777293308364
1614.0 1.0180318264147765
1615.0 1.0191026749129901
1616.0 1.0173537738377312
1617.0 1.0181823128675735
1618.0 1.0173662500394265
1619.0 1.0162423243932646
1620.0 1.016191599880158
1621.0 1.0156643477968244
1622.0 1.0144679091848563
1623.0 1.0141765309125947
1624.0 1.0144984858853747
1625.0 1.0141496769078069
1626.0 1.0136024712025962
1627.0 1.0133576322942437
1628.0 1.011550376671922
1629.0 1.009514300792578
1630.0 1.0107181590636227
1631.0 1.011667427943031
1632.0 1.010816058903854
1633.0 1.0097093103004482
1634.0 1.0096213557791711
1635.0 1.009039233791045
1636.0 1.00882396275234
1637.0 1.007549850010355
1638.0 1.0061240995476464
1639.0 1.0032539687437716
1640.0 0.9988845697513288
1641.0 0.9965301162426532
1642.0 0.9981607316380782
1643.0 0.9990352989388679
1644.0 0.998141185705075
1645.0 0.9965482390519396
1646.0 0.9944813933759393
1647.0 0.9931903425347564
1648.0 0.9915456780566034
1649.0 0.9903124046663423
1650.0 0.988480001081922
1651.0 0.9872618343516563
1652.0 0.9860910127999936
1653.0 0.9842954278736527
1654.0 0.9823588917363376
1655.0 0.9808340315161462
1656.0 0.9799476244850156
1657.0 0.9775237216607241
1658.0 0.9744675889263358
1659.0 0.9733704210524206
1660.0 0.9739932789770347
1661.0 0.9760264157055479
1662.0 0.97577747235605
1663.0 0.9752823589102386
1664.0 0.9746042115711097
1665.0 0.9731828053603863
1666.0 0.973570992713691
1667.0 0.9718532312094367
1668.0 0.9717386665635065
1669.0 0.9707090761091695
1670.0 0.9712572862437855
1671.0 0.9706103194148077
1672.0 0.9700558194381511
1673.0 0.9685652802988757
1674.0 0.9687435598154255
1675.0 0.9749807978277218
1676.0 0.9736058565671237
1677.0 0.9680396262144788
1678.0 0.965659607131367
1679.0 0.9651600617725014
1680.0 0.9654578989055203
1681.0 0.9644625973559589
1682.0 0.963585661057403
1683.0 0.963458148239074
1684.0 0.9635470639849344
1685.0 0.9636710679960709
1686.0 0.964224386665913
1687.0 0.9634304099691036
1688.0 0.9628009797819622
1689.0 0.9642069752956214
1690.0 0.9645181996077206
1691.0 0.9641132804629314
1692.0 0.9634420243231072
1693.0 0.9637154130762356
1694.0 0.9632062647590539
1695.0 0.9630753116617293
1696.0 0.9626712541197526
1697.0 0.9625429900506243
1698.0 0.9618597859790992
1699.0 0.9620515066783719
1700.0 0.9625725461079336
1701.0 0.9620776570783881
1702.0 0.9630375078102946
1703.0 0.9631695583131588
1704.0 0.9625287114035413
1705.0 0.9629078419296326
1706.0 0.9631507237211437
1707.0 0.9635336151389433
1708.0 0.9637952439399724
1709.0 0.9644718439654432
1710.0 0.9649658405539324
1711.0 0.9657315080196528
1712.0 0.9667537380057674
1713.0 0.9673589556909534
1714.0 0.9684341456912224
1715.0 0.9690835618874032
1716.0 0.9692779345622928
1717.0 0.9696724019292426
1718.0 0.9705625664119493
1719.0 0.9713486677932325
1720.0 0.9716410332121767
1721.0 0.972038294845814
1722.0 0.9727131957395051
1723.0 0.9739833121481237
1724.0 0.9754004660773788
1725.0 0.974752143531087
1726.0 0.9746730301009967
1727.0 0.9764995182442063
1728.0 0.9778221569749757
1729.0 0.9783172446634761
1730.0 0.9797842184754193
1731.0 0.9808125229713054
1732.0 0.9822327468608573
1733.0 0.9839687137847204
1734.0 0.9853177384964629
1735.0 0.9872304590423537
1736.0 0.9881378593559424
1737.0 0.9891888546579698
1738.0 0.9904793861455408
1739.0 0.9922277137288845
1740.0 0.9946684751954001
1741.0 0.9968136404833462
1742.0 0.9997607165494988
1743.0 1.0008969997585542
1744.0 1.0026003119068765
1745.0 1.0043172936129825
1746.0 1.0065001804903102
1747.0 1.0081925487365009
1748.0 1.0090533568329503
1749.0 1.011288229218813
1750.0 1.0137506780257635
1751.0 1.0151305059236242
1752.0 1.0162429547313598
1753.0 1.0185118140184162
1754.0 1.0195967064304983
1755.0 1.0205905298453088
1756.0 1.0224624779333369
1757.0 1.0243041059455766
1758.0 1.0269379003848416
1759.0 1.0283607367030783
1760.0 1.0313837098336394
1761.0 1.0335138228203777
1762.0 1.035692727124532
1763.0 1.0368197802151693
1764.0 1.0387172599639014
1765.0 1.0394605603222127
1766.0 1.0399582024381897
1767.0 1.0412542404340306
1768.0 1.0401597594193583
1769.0 1.040640308843813
1770.0 1.0417052982261572
1771.0 1.0417609000103876
1772.0 1.04239728048188
1773.0 1.0440764040725723
1774.0 1.0438000778326042
1775.0 1.0438537665318395
1776.0 1.0451371558529987
1777.0 1.0460558676265381
1778.0 1.0454248256669614
1779.0 1.0439672571660523
1780.0 1.043881059242991
1781.0 1.0450202342009507
1782.0 1.0450843291168426
1783.0 1.0440957292254545
1784.0 1.0432960578368953
1785.0 1.04374034307665
1786.0 1.0437177304839695
1787.0 1.0436592834421916
1788.0 1.0442895195082065
1789.0 1.0433230291113293
1790.0 1.041938664759915
1791.0 1.0402357276390795
1792.0 1.0403042717226936
1793.0 1.0401264785932396
1794.0 1.0404689860109282
1795.0 1.0398525622806003
1796.0 1.0397008645961092
1797.0 1.0391382655338852
1798.0 1.0378148784431958
1799.0 1.0364981598283856
1800.0 1.0365041505753188
1801.0 1.0376474888303924
1802.0 1.0384149490972554
1803.0 1.037227652673896
1804.0 1.0360140277080705
1805.0 1.0347674142307508
1806.0 1.0331837734334581
1807.0 1.0332602139982972
1808.0 1.032596881116715
1809.0 1.0320602954452012
1810.0 1.0314824731369232
1811.0 1.0323396426414062
1812.0 1.031481188515283
1813.0 1.0329623867031879
1814.0 1.0335783598605592
1815.0 1.0330587129702742
1816.0 1.0311759433320171
1817.0 1.0307313121039015
1818.0 1.0308669639922965
1819.0 1.0292408356879046
1820.0 1.027617402627756
1821.0 1.027343885346722
1822.0 1.026897915913933
1823.0 1.0255644047876071
1824.0 1.024034883626682
1825.0 1.0218588508554647
1826.0 1.0221885290524846
1827.0 1.019551872493772
1828.0 1.0180569266943231
1829.0 1.0164642722804493
1830.0 1.014847829187383
1831.0 1.0133444268891811
1832.0 1.0108234765575417
1833.0 1.0083521434537455
1834.0 1.0064240302465768
1835.0 1.0056436302184142
1836.0 1.0051502279876467
1837.0 1.003953513180904
1838.0 1.0041805908595396
1839.0 1.004185557823617
1840.0 1.0033781500559742
1841.0 1.0032786248411747
1842.0 1.0020321059376223
1843.0 1.001056791851333
1844.0 1.000007267595636
1845.0 1.0000759274292168
1846.0 0.9998545601863343
1847.0 0.9993306957726635
1848.0 0.9993407420309228
1849.0 1.0002075976963467
1850.0 0.9990345322537709
1851.0 0.9974622613834052
1852.0 0.9971735942324562
1853.0 0.9955622973759155
1854.0 0.9946207962741782
1855.0 0.9935980695432975
1856.0 0.9939200774937722
1857.0 0.9938932807508134
1858.0 0.993965483943768
1859.0 0.995427141446492
1860.0 0.9959863631760731
1861.0 0.9949137359977578
1862.0 0.9951629621899505
1863.0 0.9941695736531158
1864.0 0.9949979550081187
1865.0 0.9956899914376898
1866.0 0.9947424021967974
1867.0 0.994792686088918
1868.0 0.9950873592768829
1869.0 0.9946612707445668
1870.0 0.9949630099664359
1871.0 0.9942966657587189
1872.0 0.9938391643591441
1873.0 0.9941320010855579
1874.0 0.9934570214103782
1875.0 0.9930869103859522
1876.0 0.9918078414893727
1877.0 0.990621521719646
1878.0 0.9882706867431975
1879.0 0.9885498261939388
1880.0 0.9891534977636758
1881.0 0.9874370490893014
1882.0 0.9865370563971475
1883.0 0.9866109584302689
1884.0 0.9865674716676823
1885.0 0.9868295051126078
1886.0 0.9871614739255528
1887.0 0.9864276073108368
1888.0 0.9848133984982267
1889.0 0.9846365522721108
1890.0 0.9860152239315199
1891.0 0.9850781865768276
1892.0 0.9848899605258201
1893.0 0.9851925246021158
1894.0 0.9853216175680951
1895.0 0.9854253574364769
1896.0 0.9854753300902673
1897.0 0.984018302828578
1898.0 0.9846229139786901
1899.0 0.9844481671786448
1900.0 0.982776827809275
1901.0 0.9835899187489494
1902.0 0.9829931599588749
1903.0 0.982305937500229
1904.0 0.9821785523225985
1905.0 0.9812351859488522
1906.0 0.9802998243206765
1907.0 0.9800888337799817
1908.0 0.9794071561061064
1909.0 0.9785977386083466
1910.0 0.9786216742498948
1911.0 0.9784079381413435
1912.0 0.9792737704105573
1913.0 0.9801818662260859
1914.0 0.9796651749928549
1915.0 0.9798907997135784
1916.0 0.9806936023379084
1917.0 0.9797798189943502
1918.0 0.9805256729248628
1919.0 0.9785698115725076
1920.0 0.976922598553669
1921.0 0.9755911169371252
1922.0 0.9761153590501274
1923.0 0.9757928363061892
1924.0 0.9745792460700704
1925.0 0.9740541975365283
1926.0 0.9739894476568408
1927.0 0.9743012007756272
1928.0 0.9727697942573867
1929.0 0.9725398873543663
1930.0 0.9718821729479188
1931.0 0.9716878919314182
1932.0 0.9715782955252876
1933.0 0.9722047985940491
1934.0 0.9711516049699382
1935.0 0.9723403721311509
1936.0 0.9716806848057323
1937.0 0.9715806213264728
1938.0 0.9712779903952816
1939.0 0.9709875653339917
1940.0 0.9714764398909614
1941.0 0.9722679890604349
1942.0 0.972254602483269
1943.0 0.9725006762729265
1944.0 0.9713247374128562
1945.0 0.9714530518309148
1946.0 0.9717839537274368
1947.0 0.9711783089396436
1948.0 0.9718525202979826
1949.0 0.9712976508163231
1950.0 0.970920655972775
1951.0 0.970735953621077
1952.0 0.9702578321954701
1953.0 0.9705745368240362
1954.0 0.9698178072561808
1955.0 0.9707013649360895
1956.0 0.9710810227925178
1957.0 0.9704215392411759
1958.0 0.9703959824250937
1959.0 0.9698249745677361
1960.0 0.9694010467497393
1961.0 0.9682493958195741
1962.0 0.9685406850430753
1963.0 0.9666683259207356
1964.0 0.964849531768513
1965.0 0.9646395153251436
1966.0 0.9624487310304415
1967.0 0.9610345872886157
1968.0 0.9599934227779563
1969.0 0.9584697340738884
1970.0 0.9576308481097948
1971.0 0.9561134879588832
1972.0 0.9550893716024699
1973.0 0.9553433484685118
1974.0 0.9550717121807915
1975.0 0.9542228507998001
1976.0 0.953130771501919
1977.0 0.9521672994190229
1978.0 0.9515265798129001
1979.0 0.9515317755219563
1980.0 0.9510825205992234
1981.0 0.9512666167604036
1982.0 0.9520922656540816
1983.0 0.9544216741514123
1984.0 0.9632269437488209
1985.0 0.9526642675025998
1986.0 0.9515265254622368
1987.0 0.9510710090191435
1988.0 0.9512871574122072
1989.0 0.9524466367317211
1990.0 0.9531372856672737
1991.0 0.952502620334614
1992.0 0.9529417510537355
1993.0 0.9533730499338159
1994.0 0.9518327500668277
1995.0 0.9514183147479492
1996.0 0.9511392252269397
1997.0 0.9514593503691811
1998.0 0.9507848195568098
1999.0 0.9516363674066893
2000.0 0.9522047525877344
2001.0 0.9533562086672821
2002.0 0.9527814682214304
2003.0 0.9521783375498156
2004.0 0.9512265147213745
2005.0 0.9502017776162154
2006.0 0.9488042895970383
2007.0 0.9482738577979067
2008.0 0.9488156415089933
2009.0 0.9495065012983945
2010.0 0.9509473506742433
2011.0 0.9516096394887888
2012.0 0.9506087658748559
2013.0 0.9509652579203631
2014.0 0.9509304223453305
2015.0 0.9508856799468584
2016.0 0.9522261591054116
2017.0 0.9527982492318311
2018.0 0.9527945392633052
2019.0 0.952953955803161
2020.0 0.9538373354896075
2021.0 0.9536516775680448
2022.0 0.9536572794004348
2023.0 0.9541766051038271
2024.0 0.9533114987467826
2025.0 0.9524324527457546
2026.0 0.9521307483410988
2027.0 0.9518496868070195
2028.0 0.9516126127576482
2029.0 0.9510650541510197
2030.0 0.951412771814223
2031.0 0.951797898082522
2032.0 0.9520349639074692
2033.0 0.9520090008540807
2034.0 0.9517660268514153
2035.0 0.952475040898317
2036.0 0.9532562590794815
2037.0 0.953639016573503
2038.0 0.9540537440303217
2039.0 0.9550591000013184
2040.0 0.9568245182171569
2041.0 0.958526198790344
2042.0 0.9595755950052481
2043.0 0.9619358610684151
2044.0 0.9644497435273651
2045.0 0.9673181586987832
2046.0 0.9694050040948274
2047.0 0.970938327776269
2048.0 0.9723149780236823
2049.0 0.974770056700204
2050.0 0.9765557104758965
2051.0 0.9795862837318758
2052.0 0.9821020229864581
2053.0 0.9846706319003548
2054.0 0.9863294638970386
2055.0 0.9881699980552324
2056.0 0.9894787021410568
2057.0 0.9912920478579234
2058.0 0.9925233780995366
2059.0 0.9929193889611947
2060.0 0.9939544644316844
2061.0 0.9935967754104714
2062.0 0.9924834031144792
2063.0 0.993099953649302
2064.0 0.9942625348384041
2065.0 0.9958616064001579
2066.0 0.9974733758448739
2067.0 1.0004104891610939
2068.0 1.0035995646926978
2069.0 1.0050935576863407
2070.0 1.0010243230203137
2071.0 0.9999291088954997
2072.0 1.0000312710273624
2073.0 1.000297007108715
2074.0 1.0007177317860216
2075.0 1.0021466189943016
2076.0 1.0031069624187936
2077.0 1.0042888614331393
2078.0 1.0045708130152982
2079.0 1.0053904043687834
2080.0 1.0064033473014324
2081.0 1.006764550847547
2082.0 1.0072760696769127
2083.0 1.0094897057510734
2084.0 1.0101797133700263
2085.0 1.0120824837708446
2086.0 1.0129665225529678
2087.0 1.0155054786252564
2088.0 1.0177156619340615
2089.0 1.0198874604794244
2090.0 1.0212289697772376
2091.0 1.022723208818509
2092.0 1.024024262213755
2093.0 1.0255006455694287
2094.0 1.0271999550624316
2095.0 1.029160641248551
2096.0 1.0300128794898198
2097.0 1.0319707250811447
2098.0 1.0335688316751317
2099.0 1.0357044534905993
2100.0 1.037079634651365
2101.0 1.038804664545372
2102.0 1.040128803743416
2103.0 1.0410810938762096
2104.0 1.0434362328812026
2105.0 1.0438213652145414
2106.0 1.0464256575411839
2107.0 1.0478584252862135
2108.0 1.0498033792334445
2109.0 1.0507197890743765
2110.0 1.0524534124724763
2111.0 1.0536888653337502
2112.0 1.054237943706794
2113.0 1.0560598703588464
2114.0 1.0560964020295225
2115.0 1.0555257597440504
2116.0 1.0555872118075633
2117.0 1.0539120237947552
2118.0 1.053184852574361
2119.0 1.052551335277998
2120.0 1.05279565114457
2121.0 1.0523198443633524
2122.0 1.053588282034065
2123.0 1.0539928481794905
2124.0 1.0549516790521627
2125.0 1.0556812129473012
2126.0 1.0545416779946055
2127.0 1.0530434322834454
2128.0 1.050248051031663
2129.0 1.047051430975163
2130.0 1.0437637847992254
2131.0 1.041354374753291
2132.0 1.037902865286299
2133.0 1.0370088982840482
2134.0 1.0362653615859956
2135.0 1.037466192886144
2136.0 1.0383788979901831
2137.0 1.0382998980356335
2138.0 1.0411749532872716
2139.0 1.0430556511691174
2140.0 1.0459790662057644
2141.0 1.0462593046585287
2142.0 1.047405908195092
2143.0 1.0480774172034146
2144.0 1.0490835278027044
2145.0 1.0490160818807956
2146.0 1.0494963496571583
2147.0 1.0514555119463873
2148.0 1.0524705514422683
2149.0 1.0532696270789723
2150.0 1.0543326689670764
2151.0 1.0554053070647167
2152.0 1.0558118731814095
2153.0 1.0567575160321874
2154.0 1.058097986798634
2155.0 1.0575642919232755
2156.0 1.0585591915617192
2157.0 1.0568277307897518
2158.0 1.0580660217176254
2159.0 1.0546845815933523
2160.0 1.0566052096467087
2161.0 1.050261351252746
2162.0 1.0468515182242075
2163.0 1.0452735223402796
2164.0 1.0430865021701095
2165.0 1.0402192983286076
2166.0 1.0381749933116171
2167.0 1.0352265787973265
2168.0 1.033384983738135
2169.0 1.0324665741363774
2170.0 1.0320701153049014
2171.0 1.0306602488582028
2172.0 1.0296905742298432
2173.0 1.0279702153917882
2174.0 1.0274634298853909
2175.0 1.0280445411678456
2176.0 1.0242780496363066
2177.0 1.0217245775102841
2178.0 1.020685090800978
2179.0 1.02014646759003
2180.0 1.0176485895497833
2181.0 1.01602557332647
2182.0 1.0135520298604912
2183.0 1.010572784296507
2184.0 1.0094754139139956
2185.0 1.0073597278836028
2186.0 1.0056971994825705
2187.0 1.004273854063616
2188.0 1.0034599739822856
2189.0 1.0025127468959234
2190.0 1.0015857178165954
2191.0 1.001309377087552
2192.0 0.999924160874749
2193.0 0.9992327866779356
2194.0 0.9989326222499529
2195.0 0.9968894040875964
2196.0 0.9954993109292284
2197.0 0.9950240894506762
2198.0 0.9933506215698192
2199.0 0.9926440160678099
2200.0 0.9915947226100247
2201.0 0.9911551054886476
2202.0 0.9901642956172557
2203.0 0.9890322394840679
2204.0 0.9893045731164728
2205.0 0.9880439551235277
2206.0 0.988271799198223
2207.0 0.9894891725210212
2208.0 0.9893923521289997
2209.0 0.9896958793890775
2210.0 0.9893736994540755
2211.0 0.9889621036776168
2212.0 0.9873515471278522
2213.0 0.9872579951864485
2214.0 0.9886308392352033
2215.0 0.9889979252698017
2216.0 0.9885678870990163
2217.0 0.9870803302655579
2218.0 0.9869013393993528
2219.0 0.9863994856107855
2220.0 0.9866896700716213
2221.0 0.9845750021533808
2222.0 0.9836247505184429
2223.0 0.9815726596021418
2224.0 0.9806096130639578
2225.0 0.9802782036518873
2226.0 0.9801324166745399
2227.0 0.9797224769967176
2228.0 0.9780041137461392
2229.0 0.978747163664642
2230.0 0.9790219351106799
2231.0 0.9796112525967047
2232.0 0.9789488232753735
2233.0 0.9789499846231922
2234.0 0.9797172035353003
2235.0 0.9809525959286074
2236.0 0.9815406493354892
2237.0 0.9821674499964901
2238.0 0.9812979105697033
2239.0 0.9812138200807217
2240.0 0.982009343259344
2241.0 0.982892089596933
2242.0 0.9842517556691884
2243.0 0.987741300460302
2244.0 0.9903679646473663
2245.0 0.9921670735357155
2246.0 0.9935477615022461
2247.0 0.994139675675021
2248.0 0.994445766605964
2249.0 0.9955297338474817
2250.0 0.9957613329302275
2251.0 0.9974536801557037
2252.0 0.9987539482691743
2253.0 0.9986052426396271
2254.0 0.997802635435003
2255.0 0.9987850206520759
2256.0 0.9992955618968179
2257.0 0.9988556248328965
2258.0 0.998719923271964
2259.0 0.9985240703249628
2260.0 0.997678274223152
2261.0 0.9983679089587294
2262.0 0.999168712480052
2263.0 0.9988267218844721
2264.0 0.9990767990717927
2265.0 1.0001138719969354
2266.0 1.0010162535442928
2267.0 0.9994596091324099
2268.0 0.9986827738661438
2269.0 0.998617802548627
2270.0 0.9974312159753042
2271.0 0.9961796706835633
2272.0 0.9953223545172087
2273.0 0.9923137554006645
2274.0 0.9925634468733961
2275.0 0.9937274258029133
2276.0 0.9953328357979344
2277.0 0.9952976711693502
2278.0 0.9975300601516176
2279.0 0.9978869257069746
2280.0 0.9991057268418376
2281.0 0.9990960343598982
2282.0 0.9991528623401954
2283.0 0.999564404790349
2284.0 1.0010599371591198
2285.0 1.0024390994435552
2286.0 1.0043023424815007
2287.0 1.0048266494777975
2288.0 1.005948528507496
2289.0 1.0079968925712235
2290.0 1.0080521552477097
2291.0 1.008290873065462
2292.0 1.0099959326126586
2293.0 1.010346939682517
2294.0 1.0107627280377527
2295.0 1.012140482220875
2296.0 1.013504423656207
2297.0 1.0147402714235538
2298.0 1.0152740763054073
2299.0 1.0156514230049472
2300.0 1.0166481288864198
2301.0 1.0181781553401372
2302.0 1.0182554528197483
2303.0 1.0192125915583465
2304.0 1.021338144023638
2305.0 1.0207379851542562
2306.0 1.0196499578376974
2307.0 1.0197734246930754
2308.0 1.0192590853966557
2309.0 1.0179293914857703
2310.0 1.0180072420244544
2311.0 1.0183581484243218
2312.0 1.0182593971276475
2313.0 1.018703486659298
2314.0 1.0168819725428593
2315.0 1.0164047437273298
2316.0 1.0167538142345862
2317.0 1.016268629299732
2318.0 1.0165311384479834
2319.0 1.0168602170829562
2320.0 1.016615258981536
2321.0 1.0168182338814584
2322.0 1.017203467233763
2323.0 1.0173318208700324
2324.0 1.0169505316637693
2325.0 1.0166627992094281
2326.0 1.0162362170935493
2327.0 1.016972140644986
2328.0 1.0176341400629125
2329.0 1.0169829398294528
2330.0 1.0164243308445622
2331.0 1.0161308001495375
2332.0 1.0151162029727538
2333.0 1.0143287183111387
2334.0 1.0126423368194573
2335.0 1.0120658116562236
2336.0 1.0119322666681903
2337.0 1.0111766091017906
2338.0 1.010792109691118
2339.0 1.0103257991821641
2340.0 1.0096077850691862
2341.0 1.0095067167479816
2342.0 1.010025828872715
2343.0 1.0093709408085987
2344.0 1.0101322391459273
2345.0 1.009994476210466
2346.0 1.0116103256339404
2347.0 1.0124063820751226
2348.0 1.0112123159174593
2349.0 1.0108412340098374
2350.0 1.0117038284608253
2351.0 1.0122087739960872
2352.0 1.012784495926481
2353.0 1.012360720311567
2354.0 1.013332451760904
2355.0 1.0134440652129497
2356.0 1.013442206255027
2357.0 1.0141535321929618
2358.0 1.0151598775349782
2359.0 1.016122630071048
2360.0 1.0169031740054388
2361.0 1.0177235354762146
2362.0 1.0171685544529843
2363.0 1.0165815139077137
2364.0 1.0168594809719778
2365.0 1.0175092174900648
2366.0 1.018266190057572
2367.0 1.0179070070648277
2368.0 1.0174326631954689
2369.0 1.0178298082162687
2370.0 1.0180725211082755
2371.0 1.0171899185975022
2372.0 1.016476852071811
2373.0 1.0173734179561318
2374.0 1.016667839730985
2375.0 1.0155145489624002
2376.0 1.016735350163651
2377.0 1.0165548268645073
2378.0 1.015350668189291
2379.0 1.0152776152661396
2380.0 1.0146561659564886
2381.0 1.0151292328517412
2382.0 1.014667434455684
2383.0 1.0147165234798068
2384.0 1.014373851603736
2385.0 1.0140030777199092
2386.0 1.0130122189289468
2387.0 1.0133371546658718
2388.0 1.0137976555304744
2389.0 1.011421766098491
2390.0 1.0094386244702138
2391.0 1.0086009489628809
2392.0 1.009093144652647
2393.0 1.0084229387210417
2394.0 1.0077520548878367
2395.0 1.0082539751360884
2396.0 1.0064772388097485
2397.0 1.0059304291015696
2398.0 1.0046234074384168
2399.0 1.0038579774684615
2400.0 1.0030403027055566
2401.0 1.0013258348076712
2402.0 0.9993382626143941
2403.0 0.9983024699838849
2404.0 0.9961571391598378
2405.0 0.995151497968489
2406.0 0.9936629682545467
2407.0 0.9915772917487361
2408.0 0.9902474329432294
2409.0 0.9903716801654278
2410.0 0.9894428271342441
2411.0 0.988809961146615
2412.0 0.9882927166597854
2413.0 0.989351918617203
2414.0 0.99016569130726
2415.0 0.9898455686847615
2416.0 0.9901058206750388
2417.0 0.989881487122545
2418.0 0.9904732677227964
2419.0 0.989705251188316
2420.0 0.990196667585693
2421.0 0.9889894454058356
2422.0 0.9880925880208724
2423.0 0.9879341694351493
2424.0 0.9873973606889389
2425.0 0.9867449238788213
2426.0 0.9859428142302146
2427.0 0.9850529218185605
2428.0 0.9833870630980516
2429.0 0.9831843172832971
2430.0 0.9817822143281673
2431.0 0.9808000199221334
2432.0 0.9806889714614528
2433.0 0.9797885825895971
2434.0 0.9793721260955388
2435.0 0.9791868061147169
2436.0 0.9780195929028354
2437.0 0.9767687154290078
2438.0 0.975759092371708
2439.0 0.9751440840882545
2440.0 0.9734390918081496
2441.0 0.9730607539677355
2442.0 0.9712331401446965
2443.0 0.969949391943956
2444.0 0.968621526904835
2445.0 0.9677923766252593
2446.0 0.967525418955229
2447.0 0.9661400278977605
2448.0 0.9658727723190174
2449.0 0.9641101526782682
2450.0 0.9634409102055602
2451.0 0.9622891200462275
2452.0 0.9618074874897392
2453.0 0.960274832096225
2454.0 0.9594357887185706
2455.0 0.9596256707775719
2456.0 0.9592305549701465
2457.0 0.9591997908265274
2458.0 0.9581093676669642
2459.0 0.9579994640963462
2460.0 0.9566778908908095
2461.0 0.9569148032839038
2462.0 0.9575945533439526
2463.0 0.958477706832009
2464.0 0.957655871875564
2465.0 0.9585775233790215
2466.0 0.9590570155443893
2467.0 0.9593198049401406
2468.0 0.9592149603017416
2469.0 0.9593280630192553
2470.0 0.9600732750446713
2471.0 0.9606843846076941
2472.0 0.9609933752252353
2473.0 0.9605290990272416
2474.0 0.9622171612398221
2475.0 0.9635770423872665
2476.0 0.9643120947251904
2477.0 0.9645782284610419
2478.0 0.9649086343224509
2479.0 0.9660879644278924
2480.0 0.9664820454362577
2481.0 0.9664721209039715
2482.0 0.9670586664520231
2483.0 0.9670650367658872
2484.0 0.9671185801757745
2485.0 0.9681996264593408
2486.0 0.9694912990229549
2487.0 0.9691497227004657
2488.0 0.9699087885133286
2489.0 0.9702920025201903
2490.0 0.969798532697947
2491.0 0.9702256003261162
2492.0 0.9750775119369308
2493.0 0.9750505390782428
2494.0 0.972302423985013
2495.0 0.9702696904973125
2496.0 0.9708019339118018
2497.0 0.9726200634197947
2498.0 0.9727460299054395
2499.0 0.9730017828355303
2500.0 0.9738386493928028
2501.0 0.973362364097903
2502.0 0.9743574330013188
2503.0 0.9735880426414558
2504.0 0.9731286874741746
2505.0 0.9716521031180113
2506.0 0.9718445236069488
2507.0 0.9704661232691685
2508.0 0.9699366674654543
2509.0 0.9708746822224763
2510.0 0.9707245654997011
2511.0 0.970264448756795
2512.0 0.9695216396050558
2513.0 0.9696593956309179
2514.0 0.9701778013177005
2515.0 0.9701636331573911
2516.0 0.9693490769297924
2517.0 0.9687222935273875
2518.0 0.9683633369394378
2519.0 0.968441501340509
2520.0 0.9682005319300091
2521.0 0.9682274964792077
2522.0 0.9670005456478069
2523.0 0.9663300233476547
2524.0 0.9658368394349706
2525.0 0.967498647445459
2526.0 0.9679527867339902
2527.0 0.967978270748105
2528.0 0.9664140507724205
2529.0 0.9662595673397605
2530.0 0.9659605205577377
2531.0 0.9639441829305169
2532.0 0.9628971016457847
2533.0 0.9630239290484601
2534.0 0.9620603144675465
2535.0 0.9621166000893847
2536.0 0.962656229546339
2537.0 0.9630410165363719
2538.0 0.9641039752464877
2539.0 0.9631248690471303
2540.0 0.963112726000017
2541.0 0.9634789425181668
2542.0 0.9635086612627446
2543.0 0.9635582117152923
2544.0 0.9631917424828931
2545.0 0.9639478432482279
2546.0 0.9642593335983787
2547.0 0.9643907777680406
2548.0 0.9655864564948037
2549.0 0.9655072339454589
2550.0 0.9674662884326795
2551.0 0.9677008518344071
2552.0 0.9678909685287259
2553.0 0.9686380887420954
2554.0 0.9709618627334705
2555.0 0.9726213969322127
2556.0 0.9735746389628873
2557.0 0.9751657865833292
2558.0 0.9764745653123099
2559.0 0.978726717546567
2560.0 0.9804084687443089
2561.0 0.9814385100794354
2562.0 0.9822080423566836
2563.0 0.9827958320643967
2564.0 0.9836013134890453
2565.0 0.9843594600655642
2566.0 0.9840897100897179
2567.0 0.9848456767639473
2568.0 0.9853758042169795
2569.0 0.9862030552121525
2570.0 0.9886237621265032
2571.0 0.9918152227008186
2572.0 0.9932587095386308
2573.0 0.9941429376462467
2574.0 0.9967869060029816
2575.0 0.9968403683202144
2576.0 0.9984049721938669
2577.0 0.9990641834148419
2578.0 1.00091892509598
2579.0 1.003205593469714
2580.0 1.0040207914865222
2581.0 1.0049877684155637
2582.0 1.0058694394566274
2583.0 1.0058850765008625
2584.0 1.0063830802536193
2585.0 1.0081996836445588
2586.0 1.0096332938192112
2587.0 1.0105843441871776
2588.0 1.011879539575931
2589.0 1.0114275065330804
2590.0 1.0129149705828298
2591.0 1.014738218285825
2592.0 1.017501115159908
2593.0 1.019169484532805
2594.0 1.0213458620046911
2595.0 1.023065687445701
2596.0 1.024770244780193
2597.0 1.0265646601800393
2598.0 1.0289920299662918
2599.0 1.03095476933918
2600.0 1.0324046671319658
2601.0 1.03204389838265
2602.0 1.0316956656534078
2603.0 1.029966174284664
2604.0 1.030978199948387
2605.0 1.0312474862142096
2606.0 1.0300092860971306
2607.0 1.0289361612558687
2608.0 1.0288836657707043
2609.0 1.0280970214961804
2610.0 1.0276574487300925
2611.0 1.0266446718994673
2612.0 1.0256089802641097
2613.0 1.0245292879718326
2614.0 1.023906259286703
2615.0 1.0220939094185408
2616.0 1.0209934129960867
2617.0 1.0197081014876521
2618.0 1.019148370208671
2619.0 1.0192051286925548
2620.0 1.0173688326216896
2621.0 1.0159270551805197
2622.0 1.015532657314593
2623.0 1.0142262274007183
2624.0 1.0134303563327647
2625.0 1.012591670070992
2626.0 1.0115968187382955
2627.0 1.0098027411321775
2628.0 1.0087786676457242
2629.0 1.006732937732319
2630.0 1.004012377243454
2631.0 1.0029862102956324
2632.0 1.0034833002499022
2633.0 1.0036018429040845
2634.0 1.0019872126452063
2635.0 1.0016258363610544
2636.0 1.0023705295214207
2637.0 1.0024424800897387
2638.0 1.002791914575151
2639.0 1.0021100436272843
2640.0 1.0016858565377416
2641.0 1.0020261118691214
2642.0 1.0030478665371294
2643.0 1.001678558215931
2644.0 1.0023416677725032
2645.0 1.0017960487568753
2646.0 1.0009545207218586
2647.0 1.000456159345394
2648.0 0.9999415686873931
2649.0 0.9997497352636519
2650.0 0.9998277306222288
2651.0 0.9994535108611389
2652.0 0.9993364868021757
2653.0 0.9990962768710301
2654.0 0.9996833939844824
2655.0 1.0004001638169604
2656.0 1.000851373214154
2657.0 0.9997976691089483
2658.0 1.0002258701905113
2659.0 1.0014363391740477
2660.0 1.0018733742291328
2661.0 1.0032628491006188
2662.0 1.00147026927967
2663.0 1.0013690332615424
2664.0 1.0024471729937325
2665.0 1.0011189144041799
2666.0 1.00198220151405
2667.0 1.0012840841011477
2668.0 1.0009946202594235
2669.0 1.0012845377897484
2670.0 1.000275665196062
2671.0 1.0023276595207795
2672.0 1.0044735086476912
2673.0 1.0035783721604028
2674.0 1.002753793917985
2675.0 1.0001638990313617
2676.0 0.9994238106503714
2677.0 0.998647846724622
2678.0 0.9978017372137792
2679.0 0.9976006213589063
2680.0 0.9968611689328711
2681.0 0.9961591377271529
2682.0 0.9941951633039322
2683.0 0.9937950661507686
2684.0 0.993780236509906
2685.0 0.9935723069375877
2686.0 0.9934108510405171
2687.0 0.9926324159176879
2688.0 0.9921720204369123
2689.0 0.9904823073503448
2690.0 0.9907994604882528
2691.0 0.9909853057941733
2692.0 0.9906125847473196
2693.0 0.9889322234459735
2694.0 0.9887388029595962
2695.0 0.9874564640680505
2696.0 0.986372403103683
2697.0 0.9854048244708395
2698.0 0.9843426103675654
2699.0 0.9835630202004101
2700.0 0.982565754904708
2701.0 0.981827569953127
2702.0 0.9806462633402843
2703.0 0.9806594200870955
2704.0 0.9793328048586358
2705.0 0.9779372836672632
2706.0 0.9781141332416585
2707.0 0.9781927955718934
2708.0 0.9784391242122593
2709.0 0.9789644235551569
2710.0 0.9776427488406813
2711.0 0.9783630763712654
2712.0 0.9782045134770405
2713.0 0.9777649762572772
2714.0 0.9778041240416142
2715.0 0.9780782070571787
2716.0 0.9788662828877714
2717.0 0.9796043102894366
2718.0 0.9804586456842073
2719.0 0.9808901046801728
2720.0 0.9806671218998321
2721.0 0.9801978831198044
2722.0 0.9799811312059149
2723.0 0.9797193937808588
2724.0 0.9803442272221521
2725.0 0.9803359090040742
2726.0 0.9804035946842069
2727.0 0.9807417162974051
2728.0 0.98086447619265
2729.0 0.9805272636565402
2730.0 0.980147819193684
2731.0 0.9806960107336876
2732.0 0.9810413891496997
2733.0 0.9805880741485076
2734.0 0.9811335706909393
2735.0 0.9803197546119821
2736.0 0.980083149503618
2737.0 0.9797055965675904
2738.0 0.9795014105927438
2739.0 0.9784000194931864
2740.0 0.9780708016482973
2741.0 0.9768267202166628
2742.0 0.9776309835904573
2743.0 0.977652540933618
2744.0 0.9768074878842445
2745.0 0.9765357438348806
2746.0 0.9759607062999623
2747.0 0.9748089607068371
2748.0 0.9735335902960157
2749.0 0.9736978337847643
2750.0 0.975307332478569
2751.0 0.9745255617995627
2752.0 0.9743335563424325
2753.0 0.9747846827132551
2754.0 0.9754317867378312
2755.0 0.9757647442471065
2756.0 0.9754577514908925
2757.0 0.9756686020450106
2758.0 0.9749621960594469
2759.0 0.9755222392850894
2760.0 0.9736449405024142
2761.0 0.9739034002319388
2762.0 0.9728135279991335
2763.0 0.9719705131014841
2764.0 0.9725487528839005
2765.0 0.9732871133265275
2766.0 0.9737042609926664
2767.0 0.9721407222609684
2768.0 0.9729179088365845
2769.0 0.9726592005609692
2770.0 0.9713981793766203
2771.0 0.9716401560628523
2772.0 0.9719601784758262
2773.0 0.9718023960904881
2774.0 0.9723750025007779
2775.0 0.9734965021510552
2776.0 0.9725987928697892
2777.0 0.97270323474058
2778.0 0.9727067249545073
2779.0 0.9718997487204428
2780.0 0.9700603648040367
2781.0 0.9703630996392832
2782.0 0.9701805629510796
2783.0 0.9703385149594732
2784.0 0.9701106545597166
2785.0 0.9708362856696673
2786.0 0.9710370426412787
2787.0 0.9715877873056025
2788.0 0.9718689094712576
2789.0 0.9731754742947448
2790.0 0.9745339276802703
2791.0 0.9756312547490795
2792.0 0.9749654098635749
2793.0 0.9754957926944262
2794.0 0.976592261583436
2795.0 0.9777026191242479
2796.0 0.9777693281559358
2797.0 0.9784492130180775
2798.0 0.9796600525174671
2799.0 0.9809558914292741
2800.0 0.9819682029854414
2801.0 0.9835672396889035
2802.0 0.9853600774470397
2803.0 0.9869142692676885
2804.0 0.9876680986155314
2805.0 0.9885892262972749
2806.0 0.9896732467139264
2807.0 0.9907479447251862
2808.0 0.9915919128117913
2809.0 0.992038271566312
2810.0 0.9934319286803344
2811.0 0.9933312505268402
2812.0 0.9939063552360442
2813.0 0.9944309607738204
2814.0 0.9942319691427621
2815.0 0.9947439724834812
2816.0 0.9948817196242418
2817.0 0.9953254920544807
2818.0 0.9960002630887947
2819.0 0.9954031391761083
2820.0 0.9960121004614783
2821.0 0.9959884807704841
2822.0 0.9966901550195811
2823.0 0.9960872347079957
2824.0 0.995592174795948
2825.0 0.9948868729204872
2826.0 0.9961740764015662
2827.0 0.9956921658653846
2828.0 0.9958457512938442
2829.0 0.9954905504084138
2830.0 0.9965214996117754
2831.0 0.9976656699835582
2832.0 0.9992680036584468
2833.0 1.001373500387695
2834.0 1.003444117249603
2835.0 1.0063056540018471
2836.0 1.0074273519163448
2837.0 1.0101463965292667
2838.0 1.0113587560578536
2839.0 1.0122853211355292
2840.0 1.0132586231764094
2841.0 1.0137765939637517
2842.0 1.0150223837805399
2843.0 1.016447133800268
2844.0 1.0171719192366204
2845.0 1.018004692815897
2846.0 1.0186675619045198
2847.0 1.0195347284558975
2848.0 1.021620876786922
2849.0 1.0234728903820816
2850.0 1.0265574665917483
2851.0 1.0281268556734997
2852.0 1.0283226545182411
2853.0 1.0288854451870004
2854.0 1.0293171071864833
2855.0 1.03085604110266
2856.0 1.031838658267227
2857.0 1.0333483948752864
2858.0 1.0341500506225703
2859.0 1.034710320314635
2860.0 1.0347814704340987
2861.0 1.0350066348380031
2862.0 1.033982738024073
2863.0 1.0336809734589731
2864.0 1.0325900101408976
2865.0 1.030816065938575
2866.0 1.0303083380919265
2867.0 1.0306666530589068
2868.0 1.029103457553338
2869.0 1.0289395266326293
2870.0 1.0276370059571585
2871.0 1.0262449930474922
2872.0 1.0252528269421373
2873.0 1.0244334304194986
2874.0 1.0236442370039491
2875.0 1.0237270852494802
2876.0 1.023930883647383
2877.0 1.0239518859630483
2878.0 1.023748921986606
2879.0 1.0244763639426027
2880.0 1.024418073245745
2881.0 1.024794233329723
2882.0 1.0251132092193411
2883.0 1.0252154598449614
2884.0 1.0241148588274644
2885.0 1.02408735724887
2886.0 1.0232894232288976
2887.0 1.0233365744471838
2888.0 1.024327829173509
2889.0 1.0249608082858688
2890.0 1.025513243021432
2891.0 1.025598926574437
2892.0 1.0268166498830016
2893.0 1.0272081156330404
2894.0 1.0275198217758947
2895.0 1.0272656070008037
2896.0 1.0289391190706092
2897.0 1.029781340196901
2898.0 1.030460419969707
2899.0 1.0308784601082632
2900.0 1.0306206719712894
2901.0 1.0312376443835434
2902.0 1.0320050188746335
2903.0 1.0316483461372294
2904.0 1.034696963738734
2905.0 1.0352729155980118
2906.0 1.0354826910724197
2907.0 1.0363117113444111
2908.0 1.0375277980090398
2909.0 1.0383650585337314
2910.0 1.0382451651658648
2911.0 1.0381385800884566
2912.0 1.0381528675232752
2913.0 1.0380486709743644
2914.0 1.0374747879416613
2915.0 1.0386331420423898
2916.0 1.039022338626184
2917.0 1.0389732891468297
2918.0 1.03965696770557
2919.0 1.0391587335604566
2920.0 1.0385740199768754
2921.0 1.0374696696739394
2922.0 1.037644092141675
2923.0 1.038339493457529
2924.0 1.0378232196412187
2925.0 1.0372968842002224
2926.0 1.0366598831792249
2927.0 1.0343795490083283
2928.0 1.034380651778619
2929.0 1.0338941599269582
2930.0 1.0323769717385438
2931.0 1.0308923282431472
2932.0 1.029206404834253
2933.0 1.029144239806269
2934.0 1.0278281048484421
2935.0 1.0264132134092097
2936.0 1.0247851993027708
2937.0 1.0262229605390487
2938.0 1.0251218812419995
2939.0 1.024979907230482
2940.0 1.0255021747265205
2941.0 1.0241472372185643
2942.0 1.0226944726708063
2943.0 1.0220517963392277
2944.0 1.0224330377311852
2945.0 1.0222010301332016
2946.0 1.0212101733859889
2947.0 1.021464332316181
2948.0 1.02061568032884
2949.0 1.0210116132285694
2950.0 1.0207236884133815
2951.0 1.019677136860915
2952.0 1.0191442373172857
2953.0 1.0181152738827233
2954.0 1.0180321108435122
2955.0 1.0197908072426336
2956.0 1.0209393083613711
2957.0 1.0204557716247118
2958.0 1.0204178479257826
2959.0 1.0214053064021726
2960.0 1.020844326971784
2961.0 1.0216804787978422
2962.0 1.021538652725487
2963.0 1.0202624697260936
2964.0 1.0204892533532555
2965.0 1.0213630056928318
2966.0 1.0222191163358167
2967.0 1.0224320822655741
2968.0 1.022213578059416
2969.0 1.0228900494247828
2970.0 1.0224576627532824
2971.0 1.0227389341717996
2972.0 1.0231769953694614
2973.0 1.0242768510744698
2974.0 1.0251006318216869
2975.0 1.0254011020156866
2976.0 1.0264816115651376
2977.0 1.0264142028615701
2978.0 1.0252652258500805
2979.0 1.0246078862617454
2980.0 1.0258859131004066
2981.0 1.02681963962222
2982.0 1.026183134383705
2983.0 1.025396845883555
2984.0 1.025404900763524
2985.0 1.0261685927075377
2986.0 1.024487228802554
2987.0 1.024095585683655
2988.0 1.0229234898818325
2989.0 1.0221820998334312
2990.0 1.0207937459401815
2991.0 1.0202199078759682
2992.0 1.0188048868472968
2993.0 1.017816128604185
2994.0 1.017405465722569
2995.0 1.0161711358842316
2996.0 1.0146639029296305
2997.0 1.0139466919074476
2998.0 1.013301530878555
2999.0 1.0128604762773654
3000.0 1.011619531558075
3001.0 1.0108958078748946
3002.0 1.0097921393340117
3003.0 1.0094821249014994
3004.0 1.008102501994398
3005.0 1.0060677038156545
3006.0 1.006271495406701
3007.0 1.0039512922411933
3008.0 1.002289181317925
3009.0 1.0024446482435498
3010.0 1.0023587695164373
3011.0 1.0015022940566283
3012.0 1.000346596950986
3013.0 0.9992816250001927
3014.0 0.9998580945832135
3015.0 0.9994637684977744
3016.0 0.9999526737094824
3017.0 1.000180364676389
3018.0 0.9997939722518587
3019.0 0.9998612483484434
3020.0 0.9994233889943164
3021.0 0.998707451391925
3022.0 0.9979864604076831
3023.0 0.9968638929274499
3024.0 0.9963767743135242
3025.0 0.9964850467887613
3026.0 0.9941432680386777
3027.0 0.9939519510743022
3028.0 0.9918077859795347
3029.0 0.9907815753784237
3030.0 0.9907270530123773
3031.0 0.9904960093484223
3032.0 0.9906494538990834
3033.0 0.9907600576921103
3034.0 0.9891774669313323
3035.0 0.9895711852423766
3036.0 0.9881395908976677
3037.0 0.9886782678490575
3038.0 0.9878533770494881
3039.0 0.9870437016321774
3040.0 0.9860939427446425
3041.0 0.9863838897725038
3042.0 0.9869195532212303
3043.0 0.9855367638468487
3044.0 0.9849372488956706
3045.0 0.9843126240142249
3046.0 0.984371757395628
3047.0 0.9833053251486118
3048.0 0.9834179089346793
3049.0 0.9841405449803257
3050.0 0.9840013758502492
3051.0 0.983911189188447
3052.0 0.9845851225976864
3053.0 0.9850274954004975
3054.0 0.9860793929263612
3055.0 0.9860639507061176
3056.0 0.9872564896751034
3057.0 0.9885386530323684
3058.0 0.9888653922821906
3059.0 0.9894228053002158
3060.0 0.9901290553171512
3061.0 0.99218402069734
3062.0 0.9922622648189353
3063.0 0.991871280137608
3064.0 0.9921909377599453
3065.0 0.992446521770425
3066.0 0.9919579332698332
3067.0 0.992425647076678
3068.0 0.9934494729758034
3069.0 0.99254854945759
3070.0 0.9912510176765581
3071.0 0.9916004921195055
3072.0 0.9908832964185007
3073.0 0.9912650857397666
3074.0 0.9912418276238368
3075.0 0.9914933040664811
3076.0 0.9905505618155797
3077.0 0.9896807414757665
3078.0 0.9900701320622828
3079.0 0.9885809353955191
3080.0 0.988944005311051
3081.0 0.9868051322428912
3082.0 0.986193165077011
3083.0 0.9842843490475596
3084.0 0.9843816004738999
3085.0 0.9834625763997843
3086.0 0.9835112288456531
3087.0 0.9835200740964598
3088.0 0.9836528808805439
3089.0 0.9841225544348284
3090.0 0.984521777748094
3091.0 0.9836287646646733
3092.0 0.9833617428508035
3093.0 0.9832330528307779
3094.0 0.9829131293707155
3095.0 0.9839581878030369
3096.0 0.9832710480962591
3097.0 0.9828017214445603
3098.0 0.9828398735742669
3099.0 0.9833777847176378
3100.0 0.9837434243884525
3101.0 0.9831843827761617
3102.0 0.9848547787422836
3103.0 0.9856356148508699
3104.0 0.9856491583407233
3105.0 0.9856210508103276
3106.0 0.9851749661443276
3107.0 0.9857887333286672
3108.0 0.9854127133434434
3109.0 0.984909961114492
3110.0 0.9855653852512294
3111.0 0.986628576922196
3112.0 0.986714838253353
3113.0 0.9872018856872898
3114.0 0.987261437092203
3115.0 0.9888206276650134
3116.0 0.9887452122577394
3117.0 0.9900754267270219
3118.0 0.9905131302122832
3119.0 0.9917664736791686
3120.0 0.992064941383401
3121.0 0.9929944781615905
3122.0 0.992718291208875
3123.0 0.9925700672878538
3124.0 0.9937322817954998
3125.0 0.9941266377956938
3126.0 0.9946687214061948
3127.0 0.9941999013875984
3128.0 0.993950086156862
3129.0 0.9945795406624142
3130.0 0.9938174851807781
3131.0 0.9940604355928859
3132.0 0.9947419259529479
3133.0 0.9942401350212228
3134.0 0.9932196575394164
3135.0 0.995098993545761
3136.0 0.9958788074930461
3137.0 0.9961470441586903
3138.0 0.9957139898661397
3139.0 0.9963189575160524
3140.0 0.9966068371085963
3141.0 0.9960354528393613
3142.0 0.9960476114105943
3143.0 0.9969188171651524
3144.0 0.9962438348058517
3145.0 0.9965519339170268
3146.0 0.9968190979361551
3147.0 0.9969659127049721
3148.0 0.996628547055573
3149.0 0.9978498113236859
3150.0 0.9975790958423715
3151.0 0.9972538261442554
3152.0 0.9959128284574614
3153.0 0.9963313933675692
3154.0 0.9974531283865035
3155.0 0.996178803130341
3156.0 0.9961561861945512
3157.0 0.9957383841466114
3158.0 0.9967795266713769
3159.0 0.9967754251499537
3160.0 0.9963660341132901
3161.0 0.9968798823655124
3162.0 0.9966965301372375
3163.0 0.9967957831571008
3164.0 0.9974545143061462
3165.0 0.9967322304086697
3166.0 0.9975434046133717
3167.0 0.9971249479230516
3168.0 0.9966153213682877
3169.0 0.9976916871498573
3170.0 0.9972932420514969
3171.0 0.9982818141613548
3172.0 0.9986928318697927
3173.0 0.9981692966866145
3174.0 0.9979185466309742
3175.0 1.0000061590894331
3176.0 1.0003417002323316
3177.0 0.9985168569151766
3178.0 0.9997559932472113
3179.0 1.0006643854450512
3180.0 0.9995790197373545
3181.0 0.9994055649675313
3182.0 0.999578760319022
3183.0 1.000286739831371
3184.0 0.9996978313798289
3185.0 0.9994218223511306
3186.0 0.9988564327784498
3187.0 0.9987988076062975
3188.0 0.9986044350457165
3189.0 0.998694889845611
3190.0 0.9987831150443307
3191.0 0.9998573224426692
3192.0 0.9999859677113361
3193.0 1.0000281183896316
3194.0 1.0003702425286405
3195.0 1.0006818089618408
3196.0 1.000905807775393
3197.0 1.0005783047212624
3198.0 1.0007065366964774
3199.0 1.0016593205554327
3200.0 1.0024871668234414
3201.0 1.002203743056666
3202.0 1.003244276444972
3203.0 1.003108851437921
3204.0 1.0026711879779755
3205.0 1.0033112204374113
3206.0 1.0035135641248707
3207.0 1.0041742479610438
3208.0 1.0036973831668654
3209.0 1.0042330665623846
3210.0 1.0042285936994464
3211.0 1.0047866850095917
3212.0 1.0044469958588529
3213.0 1.0052352994744986
3214.0 1.0058055994186175
3215.0 1.0053413577205472
3216.0 1.005188837150215
3217.0 1.0047380948981628
3218.0 1.0029964375178884
3219.0 1.003551458835615
3220.0 1.0034817249635497
3221.0 1.0033989282733142
3222.0 1.0044187257764823
3223.0 1.005426817828793
3224.0 1.005033840240929
3225.0 1.0049380685965195
3226.0 1.0042360877973875
3227.0 1.0047397237516271
3228.0 1.005511086670554
3229.0 1.0050865125811501
3230.0 1.0056744657905934
3231.0 1.0057327531945068
3232.0 1.0053710242943081
3233.0 1.0050218420962223
3234.0 1.0052813070150421
3235.0 1.005617091175036
3236.0 1.0060170357565643
3237.0 1.0060541146766577
3238.0 1.0066890772448063
3239.0 1.0067204439401054
3240.0 1.0061793316151244
3241.0 1.005624715516452
3242.0 1.007248581423956
3243.0 1.0072781936011757
3244.0 1.0084450138569871
3245.0 1.0078558772178785
3246.0 1.0069820064355914
3247.0 1.0083237627541985
3248.0 1.0087958680285598
3249.0 1.0085451520062896
3250.0 1.0089352390427382
3251.0 1.0107555165535214
3252.0 1.0110365424588716
3253.0 1.0111283619691036
3254.0 1.0112344878927035
3255.0 1.0124967637396498
3256.0 1.0123901059367817
3257.0 1.012939824453017
3258.0 1.014317870984466
3259.0 1.015499753789377
3260.0 1.0162693837346726
3261.0 1.0159238519381442
3262.0 1.0159306589807828
3263.0 1.0176074504422559
3264.0 1.0177595740620196
3265.0 1.0184157544710843
3266.0 1.0199591767824803
3267.0 1.0212305032554454
3268.0 1.0207714065955567
3269.0 1.0223658294295033
3270.0 1.022129802401411
3271.0 1.0220132705129434
3272.0 1.0231835465786507
3273.0 1.0233242501419997
3274.0 1.0225508260611353
3275.0 1.0238362884791459
3276.0 1.0254364888121665
3277.0 1.025453716181254
3278.0 1.0256041233737019
3279.0 1.026166937501329
3280.0 1.02722692264873
3281.0 1.0274677123343745
3282.0 1.0281031246772239
3283.0 1.0290618212935687
3284.0 1.029898872387081
3285.0 1.0309538047387885
3286.0 1.030768174906798
3287.0 1.0335073775881904
3288.0 1.0335907579647894
3289.0 1.0352394086036383
3290.0 1.0372555404743704
3291.0 1.0379839442156333
3292.0 1.037835250668725
3293.0 1.0389515661148552
3294.0 1.0399132695125715
3295.0 1.0416774324103468
3296.0 1.0421974370723708
3297.0 1.0421532596334144
3298.0 1.0431175841565876
3299.0 1.045012129575878
3300.0 1.0469085169866834
3301.0 1.0471247013589262
3302.0 1.047149403051308
3303.0 1.0486326881822208
