1.0 1.0557042909545493
2.0 1.0563712815672628
3.0 1.0550477821531734
4.0 1.05408196424566
5.0 1.0512189893181967
6.0 1.0506310746278293
7.0 1.0496511149076406
8.0 1.0485900599712104
9.0 1.0470246034931048
10.0 1.0475879099266292
11.0 1.0480457889590062
12.0 1.047739987895601
13.0 1.0467972017252107
14.0 1.0471309305213494
15.0 1.047631755364605
16.0 1.0491412054349771
17.0 1.0447021392459264
18.0 1.043060994635582
19.0 1.043312428577557
20.0 1.0431276907418987
21.0 1.042220282511297
22.0 1.0414600440824142
23.0 1.042354104403564
24.0 1.043411001832474
25.0 1.0429939145284313
26.0 1.0401083770675945
27.0 1.040329872092998
28.0 1.0393198164634918
29.0 1.038064678352012
30.0 1.0380980059922182
31.0 1.0389310157629466
32.0 1.037833599649
33.0 1.038374385207702
34.0 1.0373882618149768
35.0 1.0367395561564559
36.0 1.0369387872270055
37.0 1.03553009796449
38.0 1.0362231022504884
39.0 1.0346739880763864
40.0 1.0332749059923347
41.0 1.033059304257594
42.0 1.0324215914423533
43.0 1.0328093834610053
44.0 1.0319781720909977
45.0 1.030943283767738
46.0 1.0289111965154012
47.0 1.0290071761060755
48.0 1.0287682625368497
49.0 1.0284489483591162
50.0 1.0271574662064744
51.0 1.0264142189352117
52.0 1.024665111598076
53.0 1.0256204309393115
54.0 1.024488981565599
55.0 1.0245880374685792
56.0 1.0249534539281682
57.0 1.0237994594436173
58.0 1.023098253718546
59.0 1.0219743288987118
60.0 1.0217540072394597
61.0 1.0211507351511342
62.0 1.0225808636094613
63.0 1.0209465081409972
64.0 1.0204863197605134
65.0 1.0216637180980224
66.0 1.0207953701068408
67.0 1.0196357074502767
68.0 1.0195039190033668
69.0 1.0177319311243644
70.0 1.0188072634971246
71.0 1.0196726969807757
72.0 1.0203025279088336
73.0 1.019951936001432
74.0 1.0195180133103348
75.0 1.0189206507232982
76.0 1.0190510980305947
77.0 1.0187697487326004
78.0 1.0170008947353568
79.0 1.0167040492100816
80.0 1.0166760671466148
81.0 1.0154271185853532
82.0 1.0157782315990296
83.0 1.0159472786152524
84.0 1.0150709320316378
85.0 1.0146687378811863
86.0 1.0150684911824883
87.0 1.0136612959964373
88.0 1.0117010979970606
89.0 1.0119939633703237
90.0 1.0121838339155123
91.0 1.0106694665854798
92.0 1.011069983757323
93.0 1.0110976097680457
94.0 1.0099311627684247
95.0 1.0096377112509365
96.0 1.0104385624176224
97.0 1.011232280116356
98.0 1.0103167318799704
99.0 1.0093309125152192
100.0 1.0107419689352866
101.0 1.0106101490430763
102.0 1.0099439021401577
103.0 1.0100080488856928
104.0 1.010843022381971
105.0 1.0122192080362267
106.0 1.013379147585861
107.0 1.0112032407549152
108.0 1.011098998075913
109.0 1.0111857359027845
110.0 1.009900098197066
111.0 1.0100350559102447
112.0 1.011000791417934
113.0 1.011426097336005
114.0 1.0114577001283906
115.0 1.0112704966344663
116.0 1.0104960582161557
117.0 1.0099798517745107
118.0 1.0106009860949963
119.0 1.0109537584644468
120.0 1.0111486303573043
121.0 1.010201749706677
122.0 1.0091636002597366
123.0 1.0102875709620573
124.0 1.008941647792849
125.0 1.0092275299304398
126.0 1.0086203357738255
127.0 1.0087168903611854
128.0 1.0080551180689263
129.0 1.007686122175696
130.0 1.0082784936737632
131.0 1.0074485549672252
132.0 1.0072724975392149
133.0 1.0069461479375756
134.0 1.0069298332569137
135.0 1.0061501456677722
136.0 1.0047088990951074
137.0 1.004388730734214
138.0 1.004431207831444
139.0 1.0046860849288264
140.0 1.0053703055448953
141.0 1.0055329885925153
142.0 1.005177356995182
143.0 1.0055333127867643
144.0 1.0042989816498318
145.0 1.0053151126766666
146.0 1.0063272334826414
147.0 1.0068866652404183
148.0 1.0053358520059321
149.0 1.0046314541483203
150.0 1.005882223851174
151.0 1.002292455015505
152.0 1.000752497176076
153.0 1.0016523824678094
154.0 1.0014176190082167
155.0 1.002235874249667
156.0 1.00170806327977
157.0 1.0019926779918653
158.0 1.0013649812424084
159.0 1.001394068496091
160.0 1.002674278429381
161.0 1.0031860192003343
162.0 1.002904651107515
163.0 1.0036058544822781
164.0 1.0044925912293767
165.0 1.0037559683744854
166.0 1.00469535704383
167.0 1.0044489716022074
168.0 1.003071705098678
169.0 1.0045987974966446
170.0 1.0034510986634182
171.0 1.0027015829161827
172.0 1.003399330442421
173.0 1.0030720435648597
174.0 1.0039284902199797
175.0 1.0019432584795769
176.0 1.0007804452052174
177.0 1.001539242260559
178.0 1.0012177313077526
179.0 1.0010291176180621
180.0 1.0004708517324188
181.0 1.0011726698049437
182.0 1.0024741688951573
183.0 0.9983983448589859
184.0 0.9967804687369521
185.0 0.9958108649173828
186.0 0.9951262517082181
187.0 0.9935354135130476
188.0 0.9937426648262281
189.0 0.9944108288141323
190.0 0.993976111860519
191.0 0.9939853463706492
192.0 0.9935748740220776
193.0 0.9937067902415082
194.0 0.9943312152712093
195.0 0.9943820206806686
196.0 0.9944580827077899
197.0 0.9950958394761453
198.0 0.9943142792925795
199.0 0.9927811141926486
200.0 0.9943665253222004
201.0 0.9943284468586722
202.0 0.9936066701505665
203.0 0.9944197280167215
204.0 0.9951586253512964
205.0 0.9952296160127191
206.0 0.9938696951782924
207.0 0.9945645809049722
208.0 0.9941304546953063
209.0 0.9941408862429822
210.0 0.9952056537693731
211.0 0.9955980822395614
212.0 0.9966596766231761
213.0 0.9969229457141446
214.0 0.9956829280592833
215.0 0.9950499419597073
216.0 0.9956490185543936
217.0 0.9951341002289913
218.0 0.9949226813750421
219.0 0.9936116306490232
220.0 0.9946190331358987
221.0 0.9941088064656782
222.0 0.9951501755280394
223.0 0.9946266339128191
224.0 0.993411202767721
225.0 0.9925906714225595
226.0 0.9927257201047187
227.0 0.9942727791016911
228.0 0.9933313899978381
229.0 0.9930837322264967
230.0 0.9944614690593581
231.0 0.9942738049855695
232.0 0.9931742874550217
233.0 0.9941273505575583
234.0 0.9944055038047628
235.0 0.9933505769421923
236.0 0.9950347433303502
237.0 0.9938284038513188
238.0 0.9938496701803916
239.0 0.9935041892132225
240.0 0.9941356939829066
241.0 0.9940577657093571
242.0 0.9946393150252517
243.0 0.9949175390044042
244.0 0.9952195703026424
245.0 0.9943837413562322
246.0 0.9948760333371954
247.0 0.9940212915815176
248.0 0.9942758673189844
249.0 0.9936432851441289
250.0 0.9945734998567868
251.0 0.9954191740131763
252.0 0.9938574199409996
253.0 0.9919996156305202
254.0 0.9939349551368014
255.0 0.9929567976112357
256.0 0.9927796310883574
257.0 0.9936724795091982
258.0 0.9957230442144009
259.0 0.9943668330070258
260.0 0.9949826996680244
261.0 0.9948067030230797
262.0 0.9962875971786068
263.0 0.9964451994640744
264.0 0.9967577176928191
265.0 0.9961112067737602
266.0 0.9962550533184028
267.0 0.9988397536744613
268.0 0.9988983083869283
269.0 0.9983875644871403
270.0 0.9982567641674636
271.0 0.9982565107058321
272.0 0.9998301037533207
273.0 0.9985540768259232
274.0 0.9990435041876624
275.0 0.9986342594249756
276.0 0.9994781623351023
277.0 0.9980302990784015
278.0 0.9985503822537577
279.0 0.9978985207632163
280.0 0.9982035739459062
281.0 0.9973617754853686
282.0 0.9967408971181774
283.0 0.9974431974553236
284.0 0.9967909629452927
285.0 0.9962989628073137
286.0 0.9947945104571319
287.0 0.9948606908718376
288.0 0.9953802457649062
289.0 0.9950992368214779
290.0 0.9946079143644095
291.0 0.9959178051174639
292.0 0.9955106698203142
293.0 0.994100271440455
294.0 0.9943303376930154
295.0 0.995295500865361
296.0 0.9948781017106364
297.0 0.9944411436460782
298.0 0.993441450388204
299.0 0.9931812016312294
300.0 0.9924519943033826
301.0 0.993154275494868
302.0 0.9928544071744849
303.0 0.9928467368796179
304.0 0.9923661144222145
305.0 0.9922665070516369
306.0 0.9911477418174466
307.0 0.9901846010720767
308.0 0.9909637443934256
309.0 0.9911922203562384
310.0 0.9902280682279434
311.0 0.9913427393390106
312.0 0.9903823216489608
313.0 0.9910939203084782
314.0 0.9907048640384437
315.0 0.9910754124567202
316.0 0.9914687723920876
317.0 0.990297163959124
318.0 0.99010669766385
319.0 0.9906079084455344
320.0 0.9913975041062388
321.0 0.9923915410669077
322.0 0.991127949579399
323.0 0.9921695606135935
324.0 0.9923239749403752
325.0 0.9915772225728691
326.0 0.99149982919031
327.0 0.9924783159432491
328.0 0.9932119872618431
329.0 0.9938408712258536
330.0 0.9927222140675327
331.0 0.9926536211774518
332.0 0.9933660375252191
333.0 0.9930223901246755
334.0 0.9934770311157851
335.0 0.9924563871076907
336.0 0.9920562710654931
337.0 0.9926932612942381
338.0 0.9922666644758326
339.0 0.9909924976969895
340.0 0.991896779839887
341.0 0.9916937735090909
342.0 0.992054677831543
343.0 0.9904432551877073
344.0 0.9926425609040496
345.0 0.99407187796014
346.0 0.9953186243785812
347.0 0.9952674224033409
348.0 0.9953798506392603
349.0 0.9962011623853184
350.0 0.9966025158208504
351.0 0.9974111395192237
352.0 0.9961247677350634
353.0 0.997353959226568
354.0 0.9964924110358543
355.0 0.9976340712499875
356.0 0.9967293767378702
357.0 0.9971689010730305
358.0 0.9963697384009821
359.0 0.9969397058922593
360.0 0.9988106831003817
361.0 0.997617868451661
362.0 0.9984894021019636
363.0 0.999238484114428
364.0 0.9987794481181002
365.0 0.9998421931202924
366.0 1.0008939264375296
367.0 1.0004200923331572
368.0 1.0003059116932087
369.0 0.9991393600129653
370.0 1.0000002503914023
371.0 1.0009977109703951
372.0 1.0010165099571382
373.0 1.0001759434493784
374.0 1.0002391799137287
375.0 1.0006645556812708
376.0 0.9994708497954525
377.0 1.0000379838227822
378.0 0.9988350523875507
379.0 0.9987121062801918
380.0 0.9981380622089002
381.0 0.9977981214762442
382.0 0.9985057138921479
383.0 0.9979750347778167
384.0 0.9977229395051913
385.0 0.9984375762395781
386.0 0.9988069794015787
387.0 1.0002850645925088
388.0 0.9992332768272034
389.0 0.9970062309669342
390.0 0.998751758558115
391.0 0.9985221135823114
392.0 0.9991955531204503
393.0 0.9986563883711033
394.0 0.9983493724787339
395.0 0.9993592128571042
396.0 0.9988267961470816
397.0 0.9982928338316978
398.0 0.9991704608676283
399.0 0.9993918809761336
400.0 1.00005378698686
401.0 0.9981935555878382
402.0 0.9983961392599163
403.0 0.9976256051883321
404.0 0.9985814921487193
405.0 0.9985557874685503
406.0 0.998645977212306
407.0 1.0000376807106872
408.0 0.998631677370903
409.0 0.9985987979896997
410.0 0.9990508865203375
411.0 0.9976505292683986
412.0 0.9978594694277837
413.0 0.9966155389619409
414.0 0.9969432343319162
415.0 0.997503769403837
416.0 0.9961967179901912
417.0 0.9965461178403725
418.0 0.9966051907950553
419.0 0.9941763825060844
420.0 0.9946294190375613
421.0 0.9935712316421967
422.0 0.9940338889962802
423.0 0.9929413065953047
424.0 0.9921196155217358
425.0 0.9923664669683537
426.0 0.9926729786156604
427.0 0.993477729965496
428.0 0.992086734174156
429.0 0.9919493669317828
430.0 0.9924853932382302
431.0 0.9912774836037059
432.0 0.9907802178561571
433.0 0.9889922231865265
434.0 0.989445421990574
435.0 0.9888549649292828
436.0 0.9880285885232122
437.0 0.9871680969726662
438.0 0.9867884090262499
439.0 0.9858607932257075
440.0 0.9863724069155404
441.0 0.9846736412374102
442.0 0.9837909573231077
443.0 0.9840284537628957
444.0 0.9833834529110906
445.0 0.9822977886264962
446.0 0.9824109030770635
447.0 0.9825377022695503
448.0 0.981534103250578
449.0 0.9811064617048803
450.0 0.9812540006532522
451.0 0.9811239207232064
452.0 0.9794479906976089
453.0 0.9807444247296028
454.0 0.9793084212643447
455.0 0.9788107232235775
456.0 0.9791194053722212
457.0 0.9782831789751638
458.0 0.977240320773889
459.0 0.9773247486661161
460.0 0.9771342746294202
461.0 0.9763672665680702
462.0 0.9764062789631212
463.0 0.9757723525446408
464.0 0.9763433160190693
465.0 0.9761306983709993
466.0 0.9764645957630391
467.0 0.9759520924781815
468.0 0.976044859728919
469.0 0.9754275808335688
470.0 0.9751827149923127
471.0 0.9760525512844105
472.0 0.975913774262852
473.0 0.9775342649236333
474.0 0.9772777520527716
475.0 0.9762452668466899
476.0 0.9762432951654878
477.0 0.9765144930090722
478.0 0.9766201115548357
479.0 0.9769789363974258
480.0 0.9776330704968064
481.0 0.9770318576992182
482.0 0.9776183662131764
483.0 0.9771992765263996
484.0 0.978033458698718
485.0 0.9778213944611986
486.0 0.9780841833112381
487.0 0.9792124914773348
488.0 0.9789000986651875
489.0 0.9784340317506743
490.0 0.9787265911705398
491.0 0.9812283481901429
492.0 0.9811582176172406
493.0 0.9817711067857601
494.0 0.9825050867974343
495.0 0.9835008264694438
496.0 0.9841390734677985
497.0 0.9840193951464268
498.0 0.9845286836873405
499.0 0.9859019489777223
500.0 0.9853938079962379
501.0 0.9858594501368704
502.0 0.9876279192874358
503.0 0.9869075892890945
504.0 0.9880365136451178
505.0 0.9875383756136263
506.0 0.9876333688627129
507.0 0.9874061144788443
508.0 0.9867926574543668
509.0 0.9877010678747646
510.0 0.987811768559747
511.0 0.9876510761081002
512.0 0.9891210468570002
513.0 0.9881823415268562
514.0 0.9873846038567909
515.0 0.9876605769043533
516.0 0.9867988331349856
517.0 0.9856224430934344
518.0 0.9875209852386558
519.0 0.9873556343919387
520.0 0.9866208481122924
521.0 0.9852360747252218
522.0 0.9855086159015259
523.0 0.9854866965203567
524.0 0.9861495433811407
525.0 0.9850698703287182
526.0 0.9851096760740181
527.0 0.9870066196586266
528.0 0.986086375658593
529.0 0.985285515332032
530.0 0.9856598364507823
531.0 0.985600017173993
532.0 0.9848698243197426
533.0 0.9861507787717455
534.0 0.9861183784714734
535.0 0.9869179907497468
536.0 0.9864607089854344
537.0 0.9856936810998114
538.0 0.986812885251756
539.0 0.9861733923503999
540.0 0.9868628814636466
541.0 0.9871887984248534
542.0 0.9887889861972083
543.0 0.9876472830000674
544.0 0.9881792382184209
545.0 0.9897541746965481
546.0 0.9899236359930793
547.0 0.9901196609841513
548.0 0.9897688498343501
549.0 0.9892818506388754
550.0 0.9897904431490462
551.0 0.9897628880980491
552.0 0.98951257829526
553.0 0.9903936104409551
554.0 0.9914430876522018
555.0 0.9917863612331816
556.0 0.992349130747043
557.0 0.9925980525063985
558.0 0.9939147094208554
559.0 0.9941088587310581
560.0 0.9931195128958336
561.0 0.9934245395276877
562.0 0.9942293955735344
563.0 0.995290271701299
564.0 0.9956817998084242
565.0 0.9977778662893867
566.0 0.9987609792590532
567.0 0.9988127634580295
568.0 0.9985585537195396
569.0 0.9989935296085233
570.0 0.999132448163272
571.0 0.9987874595602351
572.0 0.9988405426733425
573.0 0.9993194649406997
574.0 0.9996772018044067
575.0 1.0001634218259352
576.0 1.001079201971392
577.0 1.0020482620025153
578.0 1.0003546914736783
579.0 1.0024500383418677
580.0 1.0027523676672392
581.0 1.0027959482262818
582.0 1.002482390312516
583.0 1.0033652139330713
584.0 1.0031476670557324
585.0 1.0050049616443777
586.0 1.0055048373535687
587.0 1.005738112914811
588.0 1.005606700963636
589.0 1.005135659768288
590.0 1.005974884836089
591.0 1.0065741357443951
592.0 1.0057756923549657
593.0 1.0046579034328988
594.0 1.0041591284500206
595.0 1.0058086110705728
596.0 1.004889046011435
597.0 1.0046578525265801
598.0 1.0042719087172993
599.0 1.0047257478488778
600.0 1.0036485038525396
601.0 1.0035315585828017
602.0 1.0032035003181254
603.0 1.0035452461737338
604.0 1.0035706377258036
605.0 1.0032913270275097
606.0 1.0040120829855868
607.0 1.004223606714752
608.0 1.004452847035171
609.0 1.0041617771666058
610.0 1.005039281458135
611.0 1.0051323859221597
612.0 1.0040025904534084
613.0 1.0052965850645086
614.0 1.0053567407232273
615.0 1.0061990318983642
616.0 1.0067336630965071
617.0 1.0075721054313675
618.0 1.007127171896095
619.0 1.0084248808297709
620.0 1.0085045267333426
621.0 1.0091557165931924
622.0 1.0098005591386716
623.0 1.010292426789752
624.0 1.0107018303479414
625.0 1.0110037814701598
626.0 1.0116610720579016
627.0 1.0128900432295804
628.0 1.0119272225351326
629.0 1.012773322324438
630.0 1.012307703018081
631.0 1.012399640182575
632.0 1.0128644931432493
633.0 1.0123316939684024
634.0 1.013496359828934
635.0 1.0124003322961275
636.0 1.0124249771609224
637.0 1.0137307142692682
638.0 1.0134664553629653
639.0 1.0134801110422527
640.0 1.0147583612595936
641.0 1.0159665757771519
642.0 1.01642904015563
643.0 1.0171108937322797
644.0 1.018053986997469
645.0 1.0180240029401655
646.0 1.0176791438683155
647.0 1.0164953331309696
648.0 1.0179564206125207
649.0 1.0180301887772814
650.0 1.0169971345076536
651.0 1.017161409990412
652.0 1.017068219666921
653.0 1.0164837563171392
654.0 1.0171841266322188
655.0 1.0171874365459013
656.0 1.01648449656876
657.0 1.0163465492879185
658.0 1.0155757203483775
659.0 1.014932447865001
660.0 1.0149937986012114
661.0 1.0142024941221424
662.0 1.0139206561395735
663.0 1.0133958582526268
664.0 1.0128436954346884
665.0 1.012317789959325
666.0 1.0120007852403918
667.0 1.0105577134678116
668.0 1.0111364656836166
669.0 1.0110745078082244
670.0 1.009972240832566
671.0 1.0088505953393316
672.0 1.009061253063032
673.0 1.0093249148214007
674.0 1.0092027503369607
675.0 1.0085319102422516
676.0 1.0092623943341077
677.0 1.0088148671222776
678.0 1.0087695523247124
679.0 1.0079496021914625
680.0 1.0079946503078452
681.0 1.0094130633298146
682.0 1.009791969427385
683.0 1.0089622799154765
684.0 1.0099513364765191
685.0 1.0093745835787389
686.0 1.0097452134420806
687.0 1.0112891562768505
688.0 1.010331122625286
689.0 1.0099911615317556
690.0 1.0098749493372274
691.0 1.0109317136058555
692.0 1.0119125098971768
693.0 1.0114315086647834
694.0 1.0087343986263697
695.0 1.0090695390724103
696.0 1.0092652447299966
697.0 1.008768704135464
698.0 1.0079145960081008
699.0 1.0092268363817332
700.0 1.0080567853184266
701.0 1.009912552543094
702.0 1.009212964625838
703.0 1.0087130349269668
704.0 1.0097275392262577
705.0 1.010154419090331
706.0 1.0094602241263637
707.0 1.0084671613164622
708.0 1.0093436709421497
709.0 1.0090140661264313
710.0 1.008920363754438
711.0 1.0093739475692263
712.0 1.0086879291489503
713.0 1.009376733190444
714.0 1.0087541727653306
715.0 1.0089453131489705
716.0 1.0088051602507795
717.0 1.0086676746675678
718.0 1.00865873946325
719.0 1.009586936218691
720.0 1.0097706168113707
721.0 1.00782220640697
722.0 1.008530655817812
723.0 1.0078255400823928
724.0 1.008273880061582
725.0 1.0092794693249814
726.0 1.0088794225012234
727.0 1.008515114867547
728.0 1.0087947071968066
729.0 1.0087880438569652
730.0 1.0084700401671316
731.0 1.0087537145499603
732.0 1.007902618233166
733.0 1.0076564553117036
734.0 1.006944834955982
735.0 1.007132369057963
736.0 1.0084958264494641
737.0 1.007805645574915
738.0 1.0089244385732052
739.0 1.0095875475512934
740.0 1.0088371928882864
741.0 1.0076986699679964
742.0 1.0083252102101972
743.0 1.0082920238881183
744.0 1.0090644873836887
745.0 1.0076676127882884
746.0 1.00777319879468
747.0 1.007967763189713
748.0 1.0077527222108658
749.0 1.0068967114084757
750.0 1.0068160255255243
751.0 1.0061710188468833
752.0 1.0052598376647304
753.0 1.0058960362500764
754.0 1.0048374528785051
755.0 1.0046699909921784
756.0 1.004055936946038
757.0 1.003711926500997
758.0 1.0033835148094687
759.0 1.0022497433543303
760.0 1.0017519262433914
761.0 1.0019676423454025
762.0 1.0017160975552735
763.0 1.0008683275333625
764.0 1.0013001037290394
765.0 1.0005309147540653
766.0 1.0009658536913313
767.0 1.0013218855652435
768.0 0.9996025464375179
769.0 0.9992986392195471
770.0 0.9992799220165438
771.0 0.9996042009351143
772.0 0.9986919150854152
773.0 0.9990708886317841
774.0 0.9989563872810868
775.0 0.9984676861129503
776.0 0.9980066233586415
777.0 0.9975304835357598
778.0 0.9979562403544167
779.0 0.9972131350163365
780.0 0.9980613894869003
781.0 0.9966449641302504
782.0 0.9958325489034009
783.0 0.9964812208342065
784.0 0.995014965044115
785.0 0.9945813805879496
786.0 0.9948362627913377
787.0 0.9940729915741278
788.0 0.9941995239790756
789.0 0.9934759160471529
790.0 0.9945822844951936
791.0 0.9949326307836056
792.0 0.9951662547734723
793.0 0.9954846532160081
794.0 0.9959414313671483
795.0 0.9963522008227419
796.0 0.9978705059255141
797.0 0.9988563873344338
798.0 0.9997616395989481
799.0 1.0002088163386562
800.0 1.0023839591802077
801.0 1.0027355548994468
802.0 1.0030589938350376
803.0 1.0053387636103843
804.0 1.0051653559074756
805.0 1.0060914326634038
806.0 1.006717368516374
807.0 1.008616853823494
808.0 1.009020362100467
809.0 1.0113440149836388
810.0 1.011164104698612
811.0 1.0116663630380238
812.0 1.0136312829407148
813.0 1.0150332236008397
814.0 1.0153943309092943
815.0 1.0165969661632803
816.0 1.0189424893579166
817.0 1.0206534804838276
818.0 1.0219128958035064
819.0 1.0234406128516216
820.0 1.0239095333572015
821.0 1.0261232903922042
822.0 1.0257913843083086
823.0 1.0268147994173553
824.0 1.0284616965462976
825.0 1.0297845440657132
826.0 1.031060823661736
827.0 1.032973089911141
828.0 1.0352208226281499
829.0 1.0362505253083276
830.0 1.038589807376587
831.0 1.039311558829682
832.0 1.0398827170257543
833.0 1.0437770931847272
834.0 1.0453172796828272
835.0 1.0457030010814778
836.0 1.0462373985754314
837.0 1.046340637684333
838.0 1.046831512080684
839.0 1.0471131352853078
840.0 1.04785945398626
841.0 1.0466203819280622
842.0 1.046773704370025
843.0 1.0452719231495606
844.0 1.0442879193428727
845.0 1.0452802948677216
846.0 1.043188556805226
847.0 1.04402277310524
848.0 1.0427387870161167
849.0 1.042105123566478
850.0 1.0420846500909438
851.0 1.0403451199593403
852.0 1.0400249581204122
853.0 1.0399056336197312
854.0 1.0392470196429973
855.0 1.0382706918305908
856.0 1.0379201764173163
857.0 1.0390688351090305
858.0 1.0361678148342475
859.0 1.0339347458395052
860.0 1.0330171562766781
861.0 1.0312873451959594
862.0 1.0299531098812589
863.0 1.027922968038161
864.0 1.0261106861954774
865.0 1.0246582371903596
866.0 1.0238363965872004
867.0 1.0227381441637495
868.0 1.021338177033878
869.0 1.0190616220067252
870.0 1.0180720922167543
871.0 1.0167205443906604
872.0 1.0168069935301884
873.0 1.0146462237558103
874.0 1.0148885374922512
875.0 1.0136708409881448
876.0 1.0126304084540743
877.0 1.0129385940863669
878.0 1.0108537588098299
879.0 1.0122739895538766
880.0 1.0124817819599767
881.0 1.0121841789702135
882.0 1.0117565720605104
883.0 1.0123672267278028
884.0 1.0118625067372249
885.0 1.0114087159257026
886.0 1.0130422390059595
887.0 1.0110899190703821
888.0 1.0112478624042032
889.0 1.0110227004222425
890.0 1.0101616200160346
891.0 1.0108363981972655
892.0 1.0098461357776136
893.0 1.0086186017323981
894.0 1.0074769240059438
895.0 1.0060895717290044
896.0 1.0046230628292852
897.0 1.0037752189959084
898.0 1.0032507282388434
899.0 1.0026041377538026
900.0 1.0029179250825258
901.0 1.0030814817536733
902.0 1.0020557517232198
903.0 1.0006197322096275
904.0 0.998590120518556
905.0 0.9978106812177479
906.0 0.996853688713352
907.0 0.9965303789281152
908.0 0.9954475694606849
909.0 0.9958954793031671
910.0 0.9956043672113983
911.0 0.9953287345351567
912.0 0.9932790621981769
913.0 0.9934021461883602
914.0 0.9939044265837268
915.0 0.9941343029807596
916.0 0.9956997937806509
917.0 0.995297900332351
918.0 0.9945482037429552
919.0 0.9945991143698244
920.0 0.9938254094107295
921.0 0.9942299288119949
922.0 0.9932835809473953
923.0 0.9935634240121627
924.0 0.994279837782303
925.0 0.9938037034721955
926.0 0.9954477957953133
927.0 0.9966015417091323
928.0 0.9985162051593547
929.0 0.998236862215016
930.0 0.9987473349682305
931.0 0.9985224230837174
932.0 0.999700476728526
933.0 1.0009811041257661
934.0 1.0020485049554746
935.0 1.0035615264604665
936.0 1.0037289521994348
937.0 1.0034033656303252
938.0 1.0028253093334503
939.0 1.002811314911405
940.0 1.00258166389356
941.0 1.002881607067655
942.0 1.004071674942991
943.0 1.0043630676980326
944.0 1.0038127028467367
945.0 1.0041211684438371
946.0 1.0046087683927682
947.0 1.0049409811374987
948.0 1.0046037683115296
949.0 1.0046654708943028
950.0 1.0043317553033033
951.0 1.00284591577786
952.0 1.001641122575178
953.0 1.0015584462365668
954.0 1.001551127131478
955.0 1.0011119316272714
956.0 0.9998735454099674
957.0 0.9986425462117391
958.0 0.9966473340802362
959.0 0.9966986878613238
960.0 0.9964384213566838
961.0 0.9957063776487325
962.0 0.9952190818493902
963.0 0.9944691766719856
964.0 0.9950310188501844
965.0 0.9945888557770239
966.0 0.9953445419449466
967.0 0.9951416398974205
968.0 0.9974907372840632
969.0 0.9974143711664547
970.0 0.9986526602242083
971.0 0.9986269355219966
972.0 0.9994816477972657
973.0 1.0009250759412938
974.0 1.0014611841368402
975.0 1.0012308098452125
976.0 1.0024088164337885
977.0 1.0025365527772445
978.0 1.0038254406571503
979.0 1.0052794236756852
980.0 1.0067136533517798
981.0 1.006170348166442
982.0 1.004952456649595
983.0 1.0056824868627945
984.0 1.0069461573429703
985.0 1.007448922703142
986.0 1.0069694344688271
987.0 1.0079469815467381
988.0 1.0073878881372438
989.0 1.008129070743294
990.0 1.0083270737649017
991.0 1.0078972717219192
992.0 1.0078929620691337
993.0 1.0088225457561781
994.0 1.009220191891694
995.0 1.0077970087261394
996.0 1.0080866200444483
997.0 1.0075186793524535
998.0 1.0074855118750958
999.0 1.007443303949091
1000.0 1.007591296931738
1001.0 1.006841478707131
1002.0 1.0073595090108936
1003.0 1.0058487199476367
1004.0 1.0054060842391122
1005.0 1.0054549901135599
1006.0 1.005126123172428
1007.0 1.0033173653648375
1008.0 1.0038038624650587
1009.0 1.0034930893195808
1010.0 1.0030820265983305
1011.0 1.0034178541543428
1012.0 1.0046507581508657
1013.0 1.0038200658098226
1014.0 1.0055401795296737
1015.0 1.0067531291316378
1016.0 1.0055609221650461
1017.0 1.0049182967571788
1018.0 1.0050528159081982
1019.0 1.0058590400973337
1020.0 1.00674047472403
1021.0 1.0064211051156264
1022.0 1.0069729985600795
1023.0 1.0075651277337812
1024.0 1.0063060620503044
1025.0 1.0079668771786774
1026.0 1.0086710863232349
1027.0 1.008323970442842
1028.0 1.0097557840509643
1029.0 1.011115720554051
1030.0 1.0121601007625711
1031.0 1.0122271214728038
1032.0 1.0139270380241758
1033.0 1.0136196946565148
1034.0 1.014559298215127
1035.0 1.0141098929169194
1036.0 1.0156086849571866
1037.0 1.0150611214762848
1038.0 1.0154286608577128
1039.0 1.016204574646323
1040.0 1.0183209334927334
1041.0 1.0179144793291683
1042.0 1.0180823918231763
1043.0 1.0187806556197025
1044.0 1.0190336927826766
1045.0 1.0181520735287652
1046.0 1.0181592666023946
1047.0 1.0193297181735623
1048.0 1.0195672753008316
1049.0 1.0192936931592478
1050.0 1.0193642899579187
1051.0 1.0194839311958463
1052.0 1.0190151884978653
1053.0 1.0182408345248468
1054.0 1.0187756455162462
1055.0 1.0183460456037632
1056.0 1.0177623789877075
1057.0 1.0157098890880651
1058.0 1.015492157780673
1059.0 1.0137612784706205
1060.0 1.0128134174133558
1061.0 1.0119345833534867
1062.0 1.0124042861184586
1063.0 1.0116923911887188
1064.0 1.0096581615539317
1065.0 1.0100005338313562
1066.0 1.0085312724246742
1067.0 1.0076775624610295
1068.0 1.006148742288787
1069.0 1.0069998800602533
1070.0 1.0065560031740328
1071.0 1.0059195424322092
1072.0 1.004298437779118
1073.0 1.0035665918334373
1074.0 1.002351444419727
1075.0 1.0028166084802779
1076.0 1.00229502148037
1077.0 1.001310266404328
1078.0 1.0012261622261944
1079.0 1.0012148781697547
1080.0 1.0001915169375504
1081.0 0.9997173087972508
1082.0 0.9997401084548541
1083.0 0.9981601635570124
1084.0 0.9976035463158359
1085.0 0.9954207879110999
1086.0 0.9959514637769907
1087.0 0.9965488785707848
1088.0 0.9966031836439092
1089.0 0.996140956494769
1090.0 0.9953635799501971
1091.0 0.9954425367224744
1092.0 0.9951806810063791
1093.0 0.9950073109806133
1094.0 0.9951011417726882
1095.0 0.9949025203351639
1096.0 0.9938663536088607
1097.0 0.994027991342154
1098.0 0.9931025058676671
1099.0 0.9926547897924465
1100.0 0.9935108424946439
1101.0 0.9935602100822221
1102.0 0.9921170653977129
1103.0 0.9909405014277297
1104.0 0.9905850111907117
1105.0 0.9898841472836378
1106.0 0.9893000227508135
1107.0 0.9903840497944256
1108.0 0.9915651678258512
1109.0 0.991328650011808
1110.0 0.9914925884214157
1111.0 0.9918540363096129
1112.0 0.9918359477565423
1113.0 0.9917242828950363
1114.0 0.9935483566773358
1115.0 0.9947610797965055
1116.0 0.9943290888268834
1117.0 0.9939247512243392
1118.0 0.9939517428678032
1119.0 0.9936481215561697
1120.0 0.9926840629172518
1121.0 0.9905887976570721
1122.0 0.9909364828680524
1123.0 0.9906716749594643
1124.0 0.9885933632287035
1125.0 0.9865975203290708
1126.0 0.9852544178408055
1127.0 0.9851232728149958
1128.0 0.9844294445045576
1129.0 0.9835429550079181
1130.0 0.9838292819393809
1131.0 0.9838876467503804
1132.0 0.9823917137287758
1133.0 0.981183283475319
1134.0 0.9814445594231089
1135.0 0.9814629453310725
1136.0 0.9790071147314199
1137.0 0.9761998806076697
1138.0 0.9769614422172517
1139.0 0.9767569196334034
1140.0 0.9766917719576633
1141.0 0.9770792303380381
1142.0 0.9769183586572429
1143.0 0.9762950893433495
1144.0 0.974922477335422
1145.0 0.9746784826133855
1146.0 0.9752751466928196
1147.0 0.9741271023929873
1148.0 0.9742722665897546
1149.0 0.9738945072821429
1150.0 0.9746611614365389
1151.0 0.9742304144977366
1152.0 0.9732411162190331
1153.0 0.9723497756692585
1154.0 0.9722964881880299
1155.0 0.9723874319726307
1156.0 0.9732535576273222
1157.0 0.9736957842007748
1158.0 0.972730069947985
1159.0 0.9725028269944302
1160.0 0.972432795664525
1161.0 0.9713880662886402
1162.0 0.9718102566807608
1163.0 0.9711043703150591
1164.0 0.9703475249700987
1165.0 0.9688989711601655
1166.0 0.9690234233169066
1167.0 0.9676993687618798
1168.0 0.9664777428763618
1169.0 0.9656316608680349
1170.0 0.9658160406108446
1171.0 0.9656816336645727
1172.0 0.9652172781732673
1173.0 0.9646212185611687
1174.0 0.9641909122094013
1175.0 0.9641203847304631
1176.0 0.9636756176614453
1177.0 0.9647926240215632
1178.0 0.965202960836153
1179.0 0.9648662806601593
1180.0 0.9656156159505257
1181.0 0.9653218949482283
1182.0 0.9667143188890515
1183.0 0.9660484133745788
1184.0 0.9669237838954128
1185.0 0.9671208188331497
1186.0 0.9677991632076299
1187.0 0.96748933679589
1188.0 0.9690884988286168
1189.0 0.9708439405040596
1190.0 0.9759546204439595
1191.0 0.9754586628068428
1192.0 0.9747662963339914
1193.0 0.9722449603120262
1194.0 0.9719389479922133
1195.0 0.9725685719671874
1196.0 0.9732223607164324
1197.0 0.9738299302571244
1198.0 0.9735430599645197
1199.0 0.9750091503228834
1200.0 0.9762303065033116
1201.0 0.9759012627331981
1202.0 0.97750694413344
1203.0 0.9774886145938506
1204.0 0.9765353627986331
1205.0 0.9777787340114967
1206.0 0.9775550040035644
1207.0 0.9779865871861865
1208.0 0.9796787419530477
1209.0 0.980857165414858
1210.0 0.9796787524900646
1211.0 0.9801682542094466
1212.0 0.9816899710024019
1213.0 0.9806587007475265
1214.0 0.9812222627233159
1215.0 0.981454118133552
1216.0 0.9802134227394492
1217.0 0.9797089545744804
1218.0 0.9787212041457825
1219.0 0.9778539062877406
1220.0 0.9771485995931078
1221.0 0.9756957673543515
1222.0 0.9740331471738559
1223.0 0.9742649728333137
1224.0 0.9732569546963625
1225.0 0.972359775271615
1226.0 0.9727703347839035
1227.0 0.9733314439613479
1228.0 0.9727919712848808
1229.0 0.9723877528768526
1230.0 0.9720084481048175
1231.0 0.9719735480044203
1232.0 0.9719204576394155
1233.0 0.9715768699522316
1234.0 0.9716044985921676
1235.0 0.9731998834869284
1236.0 0.9736358139867589
1237.0 0.9740691563867696
1238.0 0.9734959956949623
1239.0 0.9740513669203086
1240.0 0.9735980887737499
1241.0 0.9741558294357331
1242.0 0.9728618091247349
1243.0 0.9737862146179717
1244.0 0.9743243077576769
1245.0 0.9734756080357576
1246.0 0.9756613855691155
1247.0 0.9742784480186795
1248.0 0.9748245725481438
1249.0 0.9736518699888311
1250.0 0.9738049653873604
1251.0 0.9740973905590686
1252.0 0.9736444530638518
1253.0 0.9739653404875016
1254.0 0.9736408986025542
1255.0 0.975269484536054
1256.0 0.975240360488635
1257.0 0.9751546956830144
1258.0 0.9753498128123109
1259.0 0.9769335276885971
1260.0 0.9779390531775151
1261.0 0.9789815420302725
1262.0 0.9799419482687034
1263.0 0.9812552997077062
1264.0 0.9820922728108084
1265.0 0.9824718273827421
1266.0 0.9832679386499238
1267.0 0.984377971708872
1268.0 0.9855249756698172
1269.0 0.9855581509655238
1270.0 0.9862127726009488
1271.0 0.9862359658904443
1272.0 0.9885246028544344
1273.0 0.988708686159643
1274.0 0.9905773921914093
1275.0 0.9908573403769877
1276.0 0.9918489242756043
1277.0 0.9927786974057065
1278.0 0.9926532386367706
1279.0 0.993891979541598
1280.0 0.9940511699801927
1281.0 0.9941789932727622
1282.0 0.9958052164359824
1283.0 0.9962849828549055
1284.0 0.9965712018384499
1285.0 0.9977109259087154
1286.0 0.9982951978131595
1287.0 0.998945178250209
1288.0 0.9991837225930105
1289.0 1.0005971288330355
1290.0 1.001093293638909
1291.0 1.0005836520542561
1292.0 1.0011199728150202
1293.0 1.001707995016965
1294.0 1.0021103341595186
1295.0 1.0018848050225768
1296.0 1.0013652168603446
1297.0 1.003440919807313
1298.0 1.0046956668109934
1299.0 1.0048187264664148
1300.0 1.004792798888541
1301.0 1.006426613243593
1302.0 1.0060628301351278
1303.0 1.0060647712292408
1304.0 1.0063148255762684
1305.0 1.0068379928196445
1306.0 1.0070441048364516
1307.0 1.005977490129181
1308.0 1.0054125675015493
1309.0 1.0052234764058718
1310.0 1.0050499892395988
1311.0 1.005779824680406
1312.0 1.004461553413303
1313.0 1.004897867800007
1314.0 1.002860537996823
1315.0 1.0029609434064208
1316.0 1.0029183330224472
1317.0 1.0032287703753102
1318.0 1.0035247812528731
1319.0 1.001366403926173
1320.0 1.0018541104964682
1321.0 1.0005849961226057
1322.0 0.9997074885928222
1323.0 0.9995711166398271
1324.0 0.9998403331572824
1325.0 0.9981966380623636
1326.0 0.9980947826563938
1327.0 0.9975735514155477
1328.0 0.99716861419318
1329.0 0.9964568376844463
1330.0 0.996633069647613
1331.0 0.9965290365766675
1332.0 0.9961629225978992
1333.0 0.9962865608772983
1334.0 0.9937745017377367
1335.0 0.9940927953818095
1336.0 0.9930573911125634
1337.0 0.9939005570176125
1338.0 0.9950571077952888
1339.0 0.9942715086717712
1340.0 0.9944697507435337
1341.0 0.994147488970289
1342.0 0.9927772292377646
1343.0 0.9921592657865299
1344.0 0.9915776967014287
1345.0 0.9914573955633214
1346.0 0.990987668301574
1347.0 0.9896716621687022
1348.0 0.9885246752550818
1349.0 0.9886139406878383
1350.0 0.9888142597277979
1351.0 0.9883252274757882
1352.0 0.988623764017894
1353.0 0.9882548313113194
1354.0 0.9885388323391748
1355.0 0.9882225640733645
1356.0 0.9882924964089859
1357.0 0.9884695802021329
1358.0 0.9884024524862765
1359.0 0.9897308104459559
1360.0 0.9894115960957351
1361.0 0.9892358371968504
1362.0 0.9891366736351335
1363.0 0.9901645247611444
1364.0 0.9911731075180136
1365.0 0.9918530368852969
1366.0 0.9925414363478721
1367.0 0.9919002790933537
1368.0 0.9930523266837851
1369.0 0.9930634493070598
1370.0 0.993358795772209
1371.0 0.9932279623891943
1372.0 0.9948056875873871
1373.0 0.9948519071481988
1374.0 0.9955458196123339
1375.0 0.9943854750693791
1376.0 0.9951127889032644
1377.0 0.9954814620180007
1378.0 0.9956533341671817
1379.0 0.9946853637306488
1380.0 0.9964703065164465
1381.0 0.9960733252820645
1382.0 0.9975297913752528
1383.0 0.9973991381582007
1384.0 0.9967453937858833
1385.0 0.9954856478110657
1386.0 0.993881334363663
1387.0 0.9928875773837949
1388.0 0.9926710551666035
1389.0 0.9914899493429341
1390.0 0.9905192073747873
1391.0 0.9907999301000749
1392.0 0.9908908032961041
1393.0 0.9898884485248132
1394.0 0.9891460178481235
1395.0 0.9879177706294593
1396.0 0.9884213129665265
1397.0 0.9877070442371472
1398.0 0.9887671643048027
1399.0 0.9895004331475349
1400.0 0.9891482848416977
1401.0 0.9895689251972204
1402.0 0.9908284798449177
1403.0 0.9910814103701742
1404.0 0.9910988690108828
1405.0 0.9916226010124028
1406.0 0.9923563698662017
1407.0 0.9916590008127021
1408.0 0.9910091444348071
1409.0 0.9933534245361317
1410.0 0.993107988198367
1411.0 0.9927829201488029
1412.0 0.9941695666791311
1413.0 0.9940560940616231
1414.0 0.995105043339371
1415.0 0.9960142631778118
1416.0 0.9961818190249431
1417.0 0.9967761194950041
1418.0 0.9955404020229159
1419.0 0.9968809500420661
1420.0 0.9972740145473052
1421.0 0.9991979798135804
1422.0 0.9991744740652612
1423.0 1.0003444919307123
1424.0 1.0007254416703237
1425.0 0.9995693774384787
1426.0 0.9993786019192447
1427.0 0.9996598619191919
1428.0 0.9999715416393835
1429.0 0.999186132518166
1430.0 0.9999537239665363
1431.0 0.999607719253317
1432.0 1.0000030087238128
1433.0 0.9990781381497927
1434.0 0.9985831937532283
1435.0 0.9984804401068731
1436.0 0.9988111040908806
1437.0 0.9985884341817735
1438.0 0.9979513821579775
1439.0 0.9977071306826668
1440.0 0.9974503720537711
1441.0 0.9970389547678253
1442.0 0.996081941999347
1443.0 0.9960552224886631
1444.0 0.9959060425445664
1445.0 0.9965196317483728
1446.0 0.9978599086561791
1447.0 0.996776086117613
1448.0 0.9965890492618392
1449.0 0.9964822156897338
1450.0 0.9959233917437601
1451.0 0.997037262339258
1452.0 0.998484546169506
1453.0 0.9998174560128207
1454.0 0.9996313147591969
1455.0 0.9998312385827779
1456.0 1.0000869054545025
1457.0 1.0009972353427274
1458.0 1.0007308139145534
1459.0 1.0006874400591848
1460.0 0.9999941903185878
1461.0 0.9996192778514031
1462.0 0.9996482195270929
1463.0 1.0002320853970694
1464.0 0.9991358142789796
1465.0 0.9989176217633315
1466.0 1.000845838818525
1467.0 1.000416769419166
1468.0 1.0015046110687191
1469.0 0.9996346000616814
1470.0 0.9979952572893224
1471.0 0.9944577206580274
1472.0 0.9927872555999572
1473.0 0.9957271226296581
1474.0 0.9988721272345984
1475.0 1.0023230247393584
1476.0 1.0038206219856733
1477.0 1.0041904303268516
1478.0 1.0032280793271648
1479.0 1.0010936625279119
1480.0 1.00092571094152
1481.0 0.9984542265376951
1482.0 0.9976172099275162
1483.0 0.9967710503632942
1484.0 0.9988095788821688
1485.0 0.9972183290586769
1486.0 0.9977623038550456
1487.0 0.9978440078272278
1488.0 0.997795528299479
1489.0 0.9988784207867798
1490.0 0.9993115242490269
1491.0 0.9999624262197505
1492.0 0.9988036947387081
1493.0 0.9982424934389039
1494.0 0.9968821399724282
1495.0 0.9986815479215602
1496.0 0.9978908022469841
1497.0 0.9979224544562378
1498.0 0.9975746077717782
1499.0 0.9973420418215281
1500.0 0.997472431580941
1501.0 0.9969043668564523
1502.0 0.9963739104993299
1503.0 0.9955364458456437
1504.0 0.9962566714798834
1505.0 0.9958230320679398
1506.0 0.9971689079184259
1507.0 0.9972047873932723
1508.0 0.9962918777186988
1509.0 0.9962468243401689
1510.0 0.9959530420186521
1511.0 0.9960537133430104
1512.0 0.997238816767895
1513.0 0.9974344571852463
1514.0 0.9977109643724738
1515.0 0.9966747340995673
1516.0 0.996787959937751
1517.0 0.9969932371806495
1518.0 0.9961971548014277
1519.0 0.9961012031630729
1520.0 0.9971042127128127
1521.0 0.9975600887143127
1522.0 0.997685458907133
1523.0 0.9979960508774013
1524.0 0.9976252669523483
1525.0 0.9982216057693154
1526.0 0.999182971015671
1527.0 1.0003660649994888
1528.0 1.0005619578173763
1529.0 1.0012021787392738
1530.0 1.0007956485098908
1531.0 1.0001228159628435
1532.0 0.9998166663896503
1533.0 1.0005124419639644
1534.0 1.0005378273578007
1535.0 1.000436900990298
1536.0 1.0007626949863084
1537.0 1.001910794831734
1538.0 1.0014168317557917
1539.0 1.0006827166351455
1540.0 1.0007896900675244
1541.0 1.0017566266785058
1542.0 1.0012124744512587
1543.0 1.0008769146145382
1544.0 1.0001237328411676
1545.0 1.0007685180131423
1546.0 0.9998304072695969
1547.0 0.9992541782815535
1548.0 1.0003132175880307
1549.0 0.9987071511609825
1550.0 0.9979543770170878
1551.0 0.9970514300417762
1552.0 0.9960572918554268
1553.0 0.997871477753334
1554.0 0.9968301483522051
1555.0 0.9960925209287659
1556.0 0.9958669150118276
1557.0 0.9955503223997076
1558.0 0.9952348776356792
1559.0 0.9936985646438831
1560.0 0.9936520813845113
1561.0 0.9924724762791777
1562.0 0.9914694640091546
1563.0 0.9929468522058233
1564.0 0.9916130986186501
1565.0 0.9921755925589092
1566.0 0.9927279178305063
1567.0 0.9930642344147721
1568.0 0.9932660765694333
1569.0 0.9930960320910528
1570.0 0.994468652152161
1571.0 0.9954014963642034
1572.0 0.9967676010330285
1573.0 0.9968291999719027
1574.0 0.9976778770483631
1575.0 0.9994632299083467
1576.0 1.0003086091241218
1577.0 1.0015979194480755
1578.0 1.0028640962140252
1579.0 1.0037285745564555
1580.0 1.0055296253780301
1581.0 1.0052065736474127
1582.0 1.0067275722486368
1583.0 1.0080924534995421
1584.0 1.009385298138912
1585.0 1.0116993261718121
1586.0 1.0128765810343119
1587.0 1.014639521671392
1588.0 1.0144642263681567
1589.0 1.01408080676145
1590.0 1.0161503912684677
1591.0 1.016774902778135
1592.0 1.0174100458896576
1593.0 1.017917480327064
1594.0 1.0180276285294707
1595.0 1.0167095335819412
1596.0 1.0158605775833571
1597.0 1.016156257024191
1598.0 1.0145993916417684
1599.0 1.014704722731329
1600.0 1.0128913256766878
1601.0 1.0137025882670767
1602.0 1.0130280738933677
1603.0 1.0122256246967678
1604.0 1.0122524155420913
1605.0 1.0114318797456054
1606.0 1.0106572544698913
1607.0 1.010250558936926
1608.0 1.008631496590321
1609.0 1.0082507937567402
1610.0 1.008084510986007
1611.0 1.007865692991853
1612.0 1.0062443178389797
1613.0 1.006595264559241
1614.0 1.006208514895421
1615.0 1.0062001351073202
1616.0 1.0063116854897813
1617.0 1.0062091195904415
1618.0 1.0066456694158916
1619.0 1.0059184168215805
1620.0 1.0054769459348931
1621.0 1.0051215803293465
1622.0 1.006219651647827
1623.0 1.0062983034881177
1624.0 1.0056752329619583
1625.0 1.0047437769240168
1626.0 1.0052791041299975
1627.0 1.005305911706179
1628.0 1.0049213405002104
1629.0 1.0061566068893437
1630.0 1.0063421453008512
1631.0 1.005786144519419
1632.0 1.0060033452564534
1633.0 1.0056136000687108
1634.0 1.006042912034575
1635.0 1.005327750767724
1636.0 1.005145761619832
1637.0 1.00497276889607
1638.0 1.00543509100349
1639.0 1.004741178046155
1640.0 1.0046962723646666
1641.0 1.0043465771877833
1642.0 1.0032001285941223
1643.0 1.0023622663036544
1644.0 1.0028673079636896
1645.0 1.0011780459688608
1646.0 1.0016527447956312
1647.0 0.9990784149033238
1648.0 0.9998772326505926
1649.0 0.9993520336856143
1650.0 0.9975860990416222
1651.0 0.9979859155824338
1652.0 0.997539641914084
1653.0 0.9964459018993671
1654.0 0.9956585257354398
1655.0 0.9953295649094298
1656.0 0.9955805493072987
1657.0 0.9951281899837175
1658.0 0.9944108550265703
1659.0 0.9939409762777102
1660.0 0.9942568291045655
1661.0 0.992634468825048
1662.0 0.9925097326544117
1663.0 0.9932795624241737
1664.0 0.993049564626821
1665.0 0.9921932801044594
1666.0 0.99267132912146
1667.0 0.9926459828124419
1668.0 0.9917499836139257
1669.0 0.9928860067543411
1670.0 0.992938204194489
1671.0 0.9924736837096989
1672.0 0.9938828176198536
1673.0 0.9928629959410905
1674.0 0.9933233740973991
1675.0 0.9931549150864142
1676.0 0.9947192086551904
1677.0 0.9942300067358794
1678.0 0.9939014854362019
1679.0 0.993762014835673
1680.0 0.9951538589564506
1681.0 0.9936750678756442
1682.0 0.9939619786937639
1683.0 0.9936435314128271
1684.0 0.9938056878520494
1685.0 0.994785091598092
1686.0 0.9958147657502511
1687.0 0.995821651381751
1688.0 0.9958570478798501
1689.0 0.9950930454586333
1690.0 0.9963521505898324
1691.0 0.9961319856051476
1692.0 0.9971308059790472
1693.0 0.9986034850980822
1694.0 0.9985504659103447
1695.0 0.9977287551251628
1696.0 0.9974402149287332
1697.0 0.9983395066712872
1698.0 0.9988486971661658
1699.0 0.9994774397116616
1700.0 1.0009783442760827
1701.0 1.0017836954373063
1702.0 1.0024564129056321
1703.0 1.00205686470512
1704.0 1.0033928824261389
1705.0 1.0035057799208722
1706.0 1.0038001251524962
1707.0 1.004585298684805
1708.0 1.0030494756443942
1709.0 1.0040221096105102
1710.0 1.0051402907830829
1711.0 1.0045012997624445
1712.0 1.0053227483648675
1713.0 1.0047303203840128
1714.0 1.0059762974593625
1715.0 1.0084971884245015
1716.0 1.0085796219232193
1717.0 1.0104040502236076
1718.0 1.0108662560228905
1719.0 1.0123130676510679
1720.0 1.0127687212443648
1721.0 1.0121232644765703
1722.0 1.0122361341329897
1723.0 1.0132844954921032
1724.0 1.0141536811889063
1725.0 1.0141222886896148
1726.0 1.0152542381486105
1727.0 1.0154823420795203
1728.0 1.0152952591129802
1729.0 1.0155359059543336
1730.0 1.017098577223376
1731.0 1.0177702827571518
1732.0 1.0195501971338683
1733.0 1.0197905270998209
1734.0 1.0212770782081855
1735.0 1.0218623371754672
1736.0 1.0221944026228993
1737.0 1.0241239357463796
1738.0 1.0246516773061625
1739.0 1.0251657495251991
1740.0 1.027584137736822
1741.0 1.0301117980676295
1742.0 1.032466171727261
1743.0 1.0344862990811179
1744.0 1.0346277663683077
1745.0 1.0363354775822777
1746.0 1.0374958168073902
1747.0 1.038843837152675
1748.0 1.0398886895412391
1749.0 1.0403707395971498
1750.0 1.0407051186014609
1751.0 1.0424116762584967
1752.0 1.0438478017786454
1753.0 1.0445347097852231
1754.0 1.0440927069974786
1755.0 1.0435364328912566
1756.0 1.0453362771158043
1757.0 1.0436131896283014
1758.0 1.0452910911336568
1759.0 1.0457587855302324
1760.0 1.0472701485674927
1761.0 1.0483947577973942
1762.0 1.0487198964120106
1763.0 1.0490068404434003
1764.0 1.0488255498788974
1765.0 1.0490340103575555
1766.0 1.047760787261016
1767.0 1.0470714915862833
1768.0 1.046439169832673
1769.0 1.0460944306382842
1770.0 1.0445520336854903
1771.0 1.0442033100852335
1772.0 1.043149637313879
1773.0 1.042128485191218
1774.0 1.0424752870356861
1775.0 1.0431184612598983
1776.0 1.0425112548456312
1777.0 1.0428130633672292
1778.0 1.0420596215068259
1779.0 1.0400552971570936
1780.0 1.040011360158884
1781.0 1.0404401447411804
1782.0 1.039303132142335
1783.0 1.0382188485727157
1784.0 1.0378478285024666
1785.0 1.038101025165745
1786.0 1.0377681306506679
1787.0 1.0374227841357877
1788.0 1.0370015066137324
1789.0 1.0344139545624633
1790.0 1.0334124932060345
1791.0 1.0323893031219404
1792.0 1.0324405541041681
1793.0 1.0317842439259137
1794.0 1.0307236549472356
1795.0 1.0293886337370959
1796.0 1.0296091059192396
1797.0 1.0284068932537809
1798.0 1.02805338160764
1799.0 1.026639739374
1800.0 1.0248637849228421
1801.0 1.0239497952845191
1802.0 1.0230717602268953
1803.0 1.0215521699995196
1804.0 1.0202223767011287
1805.0 1.0179614795318899
1806.0 1.0175291029384879
1807.0 1.0149431406557716
1808.0 1.013574850723744
1809.0 1.0113165573073246
1810.0 1.0092867427851366
1811.0 1.0090580276033234
1812.0 1.007772231745464
1813.0 1.0056638424857411
1814.0 1.0059569224644127
1815.0 1.005094309182706
1816.0 1.003735653446566
1817.0 1.001187364239563
1818.0 1.0003468766661856
1819.0 0.997962335607818
1820.0 0.9983288580044604
1821.0 0.9969486032160126
1822.0 0.9952914114619131
1823.0 0.9934337621784755
1824.0 0.9939460915768367
1825.0 0.9912017373813429
1826.0 0.9905925396235056
1827.0 0.9889986495663255
1828.0 0.9880581518725995
1829.0 0.9864318813203589
1830.0 0.9852374471758165
1831.0 0.9849472093022491
1832.0 0.9835811157663835
1833.0 0.9812449905425353
1834.0 0.9820519291585298
1835.0 0.9804278687875015
1836.0 0.9795693527177297
1837.0 0.9797799754345032
1838.0 0.9798557316418689
1839.0 0.9779351681887793
1840.0 0.9782453281927113
1841.0 0.9784290225449789
1842.0 0.9805452953640555
1843.0 0.9808939335287001
1844.0 0.9810565672177861
1845.0 0.9803986709599003
1846.0 0.9799983713104081
1847.0 0.9807242109124802
1848.0 0.9805849537779984
1849.0 0.9808195063305847
1850.0 0.9811966567770436
1851.0 0.9826121455406371
1852.0 0.9821575580385938
1853.0 0.982099809738573
1854.0 0.9828321128343869
1855.0 0.982542871165533
1856.0 0.9816403610273967
1857.0 0.9822692943489715
1858.0 0.9827838730607065
1859.0 0.982939033605189
1860.0 0.9821580366958322
1861.0 0.9830217799331509
1862.0 0.9838620434652052
1863.0 0.9828866940105252
1864.0 0.982334971446705
1865.0 0.9827901188978841
1866.0 0.9836061992282951
1867.0 0.9832452659376941
1868.0 0.9823040027924439
1869.0 0.9827461662748421
1870.0 0.9826739547403796
1871.0 0.9827544704571054
1872.0 0.9827916258324557
1873.0 0.9838323538270854
1874.0 0.9837524930799042
1875.0 0.9847523504574445
1876.0 0.9835612794032519
1877.0 0.9825685756413857
1878.0 0.9843383178699071
1879.0 0.9845468022656642
1880.0 0.9851605058275256
1881.0 0.985768855334433
1882.0 0.986799408604595
1883.0 0.9876749653394106
1884.0 0.9872204862258384
1885.0 0.9877548544134559
1886.0 0.9881590753889343
1887.0 0.9887618120564526
1888.0 0.9894886148755657
1889.0 0.9890884542256204
1890.0 0.989885606422642
1891.0 0.9906217003107666
1892.0 0.9902479270950832
1893.0 0.9909883566255263
1894.0 0.9917909806038128
1895.0 0.9927560393978367
1896.0 0.9926330572394092
1897.0 0.9929381235077753
1898.0 0.9917435088957922
1899.0 0.9934987104364574
1900.0 0.9921973792645066
1901.0 0.9908954816058922
1902.0 0.9914037237765726
1903.0 0.9922009220275552
1904.0 0.9916146331336808
1905.0 0.9903553298411693
1906.0 0.990764717234258
1907.0 0.9901015939103652
1908.0 0.9886086065735471
1909.0 0.988270865489537
1910.0 0.9873967445278622
1911.0 0.9885566698796814
1912.0 0.988976186688636
1913.0 0.9891856765870761
1914.0 0.988658579149222
1915.0 0.9886580689446034
1916.0 0.9901759222918468
1917.0 0.9890329074607919
1918.0 0.9896214828212241
1919.0 0.9892916550578162
1920.0 0.9879000372373011
1921.0 0.9867948548838626
1922.0 0.9859032608284463
1923.0 0.9860227546732632
1924.0 0.9850344804744455
1925.0 0.9845990796735613
1926.0 0.9848805345574387
1927.0 0.9846362532962636
1928.0 0.984780080360689
1929.0 0.9854860757510387
1930.0 0.9850840585929219
1931.0 0.9841816345888686
1932.0 0.9834249068982065
1933.0 0.9844760196186989
1934.0 0.9847155110330443
1935.0 0.9841708613926973
1936.0 0.983673729777398
1937.0 0.9839464709908186
1938.0 0.9826715908134768
1939.0 0.9842169250269079
1940.0 0.98397207396777
1941.0 0.9839311050367097
1942.0 0.9831503401420743
1943.0 0.9835902900384508
1944.0 0.9833671278315691
1945.0 0.9827502347485504
1946.0 0.9828965302109989
1947.0 0.98341346768141
1948.0 0.9837082565121542
1949.0 0.9824639993392794
1950.0 0.9830476178001878
1951.0 0.9832986703770372
1952.0 0.9821605027899277
1953.0 0.9832020799296702
1954.0 0.9835889865861042
1955.0 0.9844826975311131
1956.0 0.9843075990444452
1957.0 0.9842130175710259
1958.0 0.9852065645587492
1959.0 0.9849122909156773
1960.0 0.98471001110852
1961.0 0.9842405500000342
1962.0 0.9841284148776872
1963.0 0.9832066059855449
1964.0 0.9820397930872798
1965.0 0.9813568421896729
1966.0 0.9807299360610772
1967.0 0.981799256785055
1968.0 0.981740823278252
1969.0 0.9814908002742538
1970.0 0.9827058423268709
1971.0 0.9828439648489352
1972.0 0.9833927194012221
1973.0 0.9832132452266671
1974.0 0.9818727227398639
1975.0 0.9821691915542804
1976.0 0.98178316904746
1977.0 0.9824280002223145
1978.0 0.9816572548887065
1979.0 0.9816184435177052
1980.0 0.9816050297127576
1981.0 0.9828664677251787
1982.0 0.9837918724273722
1983.0 0.9838485232758784
1984.0 0.9854550590217408
1985.0 0.9837479053885284
1986.0 0.9834277603890852
1987.0 0.9842963239227045
1988.0 0.9852881543651937
1989.0 0.9861900862544689
1990.0 0.9855089903224195
1991.0 0.985920827454039
1992.0 0.9855596274738595
1993.0 0.9855739665044326
1994.0 0.9849613218826443
1995.0 0.9868006995282023
1996.0 0.9874972993389168
1997.0 0.9867813858182943
1998.0 0.9883189818432937
1999.0 0.9868068402638082
2000.0 0.9884226795523295
2001.0 0.9893666173082168
2002.0 0.9888614388896209
2003.0 0.9893938102154392
2004.0 0.9902054448586324
2005.0 0.9905807891954752
2006.0 0.9902380036992289
2007.0 0.9901978030092874
2008.0 0.991103085485469
2009.0 0.9899967494226104
2010.0 0.9917681413877277
2011.0 0.9930105110952296
2012.0 0.9918968198050434
2013.0 0.9926060891650141
2014.0 0.9929770440490889
2015.0 0.9930168473618295
2016.0 0.9933136373164932
2017.0 0.9945238179964697
2018.0 0.9949125388288584
2019.0 0.9946841596863364
2020.0 0.9959352682598014
2021.0 0.9963643102790223
2022.0 0.9971878167608315
2023.0 0.9971084550983881
2024.0 0.9954825029416491
2025.0 0.9943699838828028
2026.0 0.9939401696755304
2027.0 0.9935873684466828
2028.0 0.9926003253906035
2029.0 0.993216428512557
2030.0 0.9927821734743039
2031.0 0.9930948161098601
2032.0 0.9922811010799477
2033.0 0.9928030652862659
2034.0 0.9920494431264135
2035.0 0.9924874614717808
2036.0 0.9918491735940519
2037.0 0.9936691837712919
2038.0 0.9932832603262639
2039.0 0.995060993907551
2040.0 0.9956149488071352
2041.0 0.9963047086812182
2042.0 0.9970813115142947
2043.0 0.9979064382019868
2044.0 0.9983515221315836
2045.0 0.9986342166709951
2046.0 0.9992587050653112
2047.0 0.9997176180843776
2048.0 0.9979912120713581
2049.0 0.9997109082857005
2050.0 1.0008199114955807
2051.0 1.0011720611786283
2052.0 1.002621138613907
2053.0 1.001805193106872
2054.0 1.0034123291546446
2055.0 1.0034892631308967
2056.0 1.003764376636021
2057.0 1.0033552419616651
2058.0 1.0044917894377752
2059.0 1.0040027509469844
2060.0 1.0047121753426087
2061.0 1.0036708034737092
2062.0 1.0025460072069494
2063.0 1.0038242171583525
2064.0 1.0032487748023586
2065.0 1.0039077040283244
2066.0 1.0040366102716083
2067.0 1.0065765889834768
2068.0 1.0103345708659894
2069.0 1.0068903423759203
2070.0 1.0031093029957672
2071.0 1.0024966480441215
2072.0 1.00200211268093
2073.0 1.0007974381474556
2074.0 0.9997836739042416
2075.0 1.000467741541705
2076.0 1.001717193720913
2077.0 1.0017519359195033
2078.0 1.0017606843066362
2079.0 1.0015570741246025
2080.0 1.00227863791518
2081.0 1.0012791394862124
2082.0 1.0024552781892968
2083.0 1.0031050906611905
2084.0 1.0023552159626967
2085.0 1.0021179562691487
2086.0 1.0036983176894636
2087.0 1.0040920497733414
2088.0 1.0051293819298115
2089.0 1.0059184780019288
2090.0 1.0074271167772244
2091.0 1.0055072448192675
2092.0 1.0064554994413237
2093.0 1.0073518501623087
2094.0 1.008015108619827
2095.0 1.0088402049349585
2096.0 1.0087237186456108
2097.0 1.0089261654905508
2098.0 1.0096382750735495
2099.0 1.0107725534469554
2100.0 1.011928830085201
2101.0 1.0122686032261614
2102.0 1.0124933114536312
2103.0 1.013081100099438
2104.0 1.0144195667903746
2105.0 1.0135955179682978
2106.0 1.013200957287545
2107.0 1.0148923298103394
2108.0 1.0148716200921204
2109.0 1.0156225460256323
2110.0 1.0147404863095986
2111.0 1.015453548704197
2112.0 1.0154736984938226
2113.0 1.0144222567357428
2114.0 1.0145134618444722
2115.0 1.0149594480498467
2116.0 1.015150273383207
2117.0 1.0153387223798247
2118.0 1.0145049218747482
2119.0 1.0142204536824282
2120.0 1.0140343967258931
2121.0 1.0148291356444186
2122.0 1.0144167183473676
2123.0 1.0136897534914775
2124.0 1.0153797642234323
2125.0 1.0167165836984944
2126.0 1.016466401052476
2127.0 1.0165523520025128
2128.0 1.0158987790810514
2129.0 1.0152064041199051
2130.0 1.0151169666236552
2131.0 1.01497468861369
2132.0 1.0125659600535917
2133.0 1.0144931014000365
2134.0 1.0161688580580754
2135.0 1.0175753304814077
2136.0 1.0177777919470459
2137.0 1.0198339058454091
2138.0 1.0217970854259582
2139.0 1.023457034856016
2140.0 1.0246903785956585
2141.0 1.0267200539861
2142.0 1.0281620957461093
2143.0 1.028443015947226
2144.0 1.0287896433042647
2145.0 1.0294368145139159
2146.0 1.0300816156529642
2147.0 1.030448415601043
2148.0 1.0323401809860029
2149.0 1.0324588857794432
2150.0 1.0324691789210756
2151.0 1.0336317967057889
2152.0 1.0349956826176816
2153.0 1.0347430869621865
2154.0 1.0338434841156452
2155.0 1.0354592237714888
2156.0 1.0363318831155783
2157.0 1.0345461690313764
2158.0 1.032945704919045
2159.0 1.0348668564988472
2160.0 1.0326603169843482
2161.0 1.0262921561366465
2162.0 1.0237168441158704
2163.0 1.0220810188128058
2164.0 1.0208714614001548
2165.0 1.019058708053887
2166.0 1.0188597596246087
2167.0 1.0167652507554163
2168.0 1.0157883226624487
2169.0 1.0164165300817558
2170.0 1.0152619660457674
2171.0 1.0139453766169948
2172.0 1.0137024118254208
2173.0 1.013204019850067
2174.0 1.0131527677744991
2175.0 1.0152939566291355
2176.0 1.0127874476640955
2177.0 1.0089943761132167
2178.0 1.0067032194748862
2179.0 1.0064294454116953
2180.0 1.0046576259124513
2181.0 1.004333828758345
2182.0 1.0037936483031746
2183.0 1.0010984879069504
2184.0 1.0001391156841986
2185.0 0.9982899977693251
2186.0 0.9987385719769176
2187.0 0.9978044816101755
2188.0 0.9974227814405076
2189.0 0.9969928018120948
2190.0 0.996777503260274
2191.0 0.9955846497619601
2192.0 0.9947562365899204
2193.0 0.9942653444837326
2194.0 0.9946386428522629
2195.0 0.9939875950999643
2196.0 0.9945828008213629
2197.0 0.993643952839049
2198.0 0.9926585995926678
2199.0 0.9925165780417489
2200.0 0.9920254403705524
2201.0 0.9922199137950268
2202.0 0.9913222668471504
2203.0 0.9913599781588592
2204.0 0.9897494668213157
2205.0 0.9892692688782604
2206.0 0.9892988529636269
2207.0 0.9882000258556157
2208.0 0.9876801457204014
2209.0 0.9890730448636422
2210.0 0.9882853257972612
2211.0 0.9871695350303893
2212.0 0.9881241182125309
2213.0 0.9888895298506828
2214.0 0.9892525011111458
2215.0 0.9888922304570713
2216.0 0.9884042649311062
2217.0 0.9889316946818286
2218.0 0.9878774088345073
2219.0 0.9882967166900872
2220.0 0.9875683402120234
2221.0 0.9877312880852039
2222.0 0.9857322253789529
2223.0 0.9845661664548302
2224.0 0.985290029954497
2225.0 0.9851925575773964
2226.0 0.984788936692022
2227.0 0.985711006651009
2228.0 0.9850951030699573
2229.0 0.9858973296093151
2230.0 0.9865390438065583
2231.0 0.9870396418164404
2232.0 0.9858489279219413
2233.0 0.9877536069749315
2234.0 0.9891333618862583
2235.0 0.9884150824200266
2236.0 0.9894518589445277
2237.0 0.9899968832864219
2238.0 0.9917640189489675
2239.0 0.9915533867937942
2240.0 0.9933350356070957
2241.0 0.9953075558750976
2242.0 0.9968691363248081
2243.0 0.9972835112526494
2244.0 0.997337550993774
2245.0 0.9985070441085055
2246.0 0.9992588789850533
2247.0 0.9987009144834903
2248.0 0.9992207415283375
2249.0 1.000714785164106
2250.0 1.0007756389781985
2251.0 1.001914887652263
2252.0 1.0022372145965703
2253.0 1.0029039321309168
2254.0 1.0027072480752504
2255.0 1.0038470488989537
2256.0 1.0050244944579132
2257.0 1.0063824747210235
2258.0 1.0066907211088727
2259.0 1.0073138095651706
2260.0 1.0079859970031688
2261.0 1.0074513806411296
2262.0 1.008591201068044
2263.0 1.0087137131839545
2264.0 1.0091988951819708
2265.0 1.0095405784361584
2266.0 1.0093056600497599
2267.0 1.0090687396937363
2268.0 1.00884237458272
2269.0 1.0085280020683247
2270.0 1.0087218024910505
2271.0 1.008407290581174
2272.0 1.0069842579755008
2273.0 1.0055665358522958
2274.0 1.0060765054538852
2275.0 1.0066519310922966
2276.0 1.0072551313913596
2277.0 1.0077844174735675
2278.0 1.0087004211836206
2279.0 1.0096789642291002
2280.0 1.0105854587953758
2281.0 1.0105128276424928
2282.0 1.0112236063517586
2283.0 1.013582768192962
2284.0 1.0129769072311752
2285.0 1.0135832109218648
2286.0 1.0152463346221126
2287.0 1.0178614651481128
2288.0 1.0180782271345852
2289.0 1.0188673511121051
2290.0 1.0201039627273174
2291.0 1.0190582280402363
2292.0 1.02096925341429
2293.0 1.0222076964044033
2294.0 1.023408715511417
2295.0 1.024705092452143
2296.0 1.0255391036538481
2297.0 1.0256795996456423
2298.0 1.0257441284287123
2299.0 1.0251359630569459
2300.0 1.02537454665013
2301.0 1.0263195699711691
2302.0 1.0267865205286335
2303.0 1.0269070301517784
2304.0 1.0267254279009805
2305.0 1.0265246207803616
2306.0 1.025290048206221
2307.0 1.0253374274658036
2308.0 1.0252354928885616
2309.0 1.026112397918314
2310.0 1.0247062227089268
2311.0 1.0251268108855025
2312.0 1.0246175256876366
2313.0 1.0233769596020046
2314.0 1.0227975870398227
2315.0 1.0224510320291336
2316.0 1.022130228835456
2317.0 1.0201170838304476
2318.0 1.0190704250521119
2319.0 1.0189430355191735
2320.0 1.01834984568218
2321.0 1.0166195563060803
2322.0 1.0161674284895987
2323.0 1.0161625174646036
2324.0 1.0156665582820315
2325.0 1.0139080190902805
2326.0 1.0146612001279471
2327.0 1.0135456063669261
2328.0 1.0142600214583681
2329.0 1.0144935993361586
2330.0 1.0132778194849
2331.0 1.0121648329847752
2332.0 1.0128844884201467
2333.0 1.0126491070866162
2334.0 1.0129416648948792
2335.0 1.0124124046910838
2336.0 1.011900621329754
2337.0 1.011401296075272
2338.0 1.011258096168718
2339.0 1.0119521140845835
2340.0 1.0111138050090516
2341.0 1.009688775084048
2342.0 1.0098557415765226
2343.0 1.0099884648608548
2344.0 1.0092016885699773
2345.0 1.0083912194757394
2346.0 1.0083627862701927
2347.0 1.0100652073004093
2348.0 1.009400445530748
2349.0 1.0092574464511403
2350.0 1.0087715591476927
2351.0 1.009332306413571
2352.0 1.0089678465622627
2353.0 1.0083086977710163
2354.0 1.0083232914647313
2355.0 1.0090725434868575
2356.0 1.0100841804298284
2357.0 1.009676326549161
2358.0 1.0097014049163706
2359.0 1.0093394144433838
2360.0 1.0098950093432086
2361.0 1.0096640050549799
2362.0 1.0114387899403452
2363.0 1.0116012622942372
2364.0 1.0112330963523601
2365.0 1.0114607491734826
2366.0 1.012414381390309
2367.0 1.0111001323739361
2368.0 1.0113360512097322
2369.0 1.011247650850894
2370.0 1.01102856994328
2371.0 1.0109277828346916
2372.0 1.0094542432528038
2373.0 1.0100618035703939
2374.0 1.010733923170991
2375.0 1.0105371046728024
2376.0 1.0107372756374222
2377.0 1.010478020859053
2378.0 1.0098587519905677
2379.0 1.0084854385638293
2380.0 1.009188180949519
2381.0 1.0093673425165393
2382.0 1.0083569076517491
2383.0 1.0088488350947487
2384.0 1.0076303792063683
2385.0 1.0068124614688054
2386.0 1.0062972236248806
2387.0 1.0043687788103648
2388.0 1.0040156983858848
2389.0 1.0031457386993523
2390.0 1.0015855750592504
2391.0 1.000694784166491
2392.0 0.9995648628575776
2393.0 1.0006506425127797
2394.0 0.9991845875316098
2395.0 0.998300359079978
2396.0 0.997208443039907
2397.0 0.996964017371016
2398.0 0.9980674220528303
2399.0 0.996192695066136
2400.0 0.9940918943658202
2401.0 0.9928066874370735
2402.0 0.9913432430016774
2403.0 0.9915548489128145
2404.0 0.9905968795946053
2405.0 0.9894804445748856
2406.0 0.987245633603324
2407.0 0.9866742730251794
2408.0 0.9849647017240425
2409.0 0.9836740369964011
2410.0 0.9836560591748129
2411.0 0.9836405252635315
2412.0 0.9840852644925667
2413.0 0.9830980057399702
2414.0 0.9827266623949727
2415.0 0.98272451059594
2416.0 0.9816861412933531
2417.0 0.9819194697844588
2418.0 0.9810728581965763
2419.0 0.9809714939998716
2420.0 0.9805746900576381
2421.0 0.9798357321435208
2422.0 0.9782639264792355
2423.0 0.978384660193097
2424.0 0.9778509159754639
2425.0 0.9801112094208644
2426.0 0.9781332283873228
2427.0 0.976655069607174
2428.0 0.975613497337482
2429.0 0.9764788168727833
2430.0 0.9756585730231163
2431.0 0.9752291650088197
2432.0 0.974030859887075
2433.0 0.9751619745541487
2434.0 0.9755098583312026
2435.0 0.9745271013039638
2436.0 0.9738790764711492
2437.0 0.9730580005689086
2438.0 0.9718537921553227
2439.0 0.9715560154536491
2440.0 0.9706075196256442
2441.0 0.9711519647998751
2442.0 0.9709963930559183
2443.0 0.968630159954114
2444.0 0.9670567312701949
2445.0 0.9665033234733402
2446.0 0.9665952283515032
2447.0 0.9663385479510704
2448.0 0.9662728380493708
2449.0 0.9658371382170865
2450.0 0.9653588522436265
2451.0 0.9665492255296885
2452.0 0.9659236889851486
2453.0 0.9667562723087227
2454.0 0.9656791440993996
2455.0 0.9657289082741152
2456.0 0.966214622775906
2457.0 0.9676618956227316
2458.0 0.9678876362115119
2459.0 0.9689069244027648
2460.0 0.9685126439463092
2461.0 0.9682034561145648
2462.0 0.968320469458316
2463.0 0.9678723874816826
2464.0 0.9680282826844758
2465.0 0.9686069617527502
2466.0 0.9690664347910182
2467.0 0.9691219205302578
2468.0 0.9705252899314337
2469.0 0.9700705961495961
2470.0 0.9703492228351287
2471.0 0.9712574359725666
2472.0 0.9717305824679046
2473.0 0.9720785132013585
2474.0 0.972436379840776
2475.0 0.9735564363594675
2476.0 0.9744994759756538
2477.0 0.9735490365959794
2478.0 0.9763671291166927
2479.0 0.9779367195465613
2480.0 0.978710381999947
2481.0 0.9783198948246653
2482.0 0.9793454850948546
2483.0 0.9808884042957279
2484.0 0.9811592389925173
2485.0 0.980954449368834
2486.0 0.9826141752545885
2487.0 0.9834165984261984
2488.0 0.9828563367376777
2489.0 0.9857542628848743
2490.0 0.9857974693380481
2491.0 0.9859227545486151
2492.0 0.9854304909537829
2493.0 0.9874101276236206
2494.0 0.9876685422795455
2495.0 0.9876103441074183
2496.0 0.9882595398328636
2497.0 0.9906135362043472
2498.0 0.9914072503883055
2499.0 0.9907980441935001
2500.0 0.9910095439928909
2501.0 0.9897300559299615
2502.0 0.9897454461085123
2503.0 0.9893433859238622
2504.0 0.9888406842481268
2505.0 0.9885889689285351
2506.0 0.9885154553722663
2507.0 0.98790014763634
2508.0 0.9871379454077057
2509.0 0.987954922651721
2510.0 0.9869294248912959
2511.0 0.9870564869797539
2512.0 0.9872383175482079
2513.0 0.9868903806536351
2514.0 0.9872561715146719
2515.0 0.9875122477269939
2516.0 0.987180529265433
2517.0 0.987641861984218
2518.0 0.9860713429424982
2519.0 0.9841898513645291
2520.0 0.9839839673485091
2521.0 0.9847096375689782
2522.0 0.9838145745299308
2523.0 0.9841280211839141
2524.0 0.9833161988898542
2525.0 0.9823555039467043
2526.0 0.9815546802309364
2527.0 0.9831728458323408
2528.0 0.9830557307372175
2529.0 0.9818811357590015
2530.0 0.9792468156424705
2531.0 0.9798620249498028
2532.0 0.9782764860508343
2533.0 0.9777333226525009
2534.0 0.9774994019822056
2535.0 0.977603762028053
2536.0 0.978109512645423
2537.0 0.979454075668494
2538.0 0.978062561337089
2539.0 0.9773928076374994
2540.0 0.9778862065893733
2541.0 0.9780512959657187
2542.0 0.9780507458404502
2543.0 0.9778642167989671
2544.0 0.9788256188728469
2545.0 0.9791786986253393
2546.0 0.9786553553524228
2547.0 0.9796108955799658
2548.0 0.9792718855516263
2549.0 0.9794703092159737
2550.0 0.9805873680147444
2551.0 0.9808981934104822
2552.0 0.9823173410026027
2553.0 0.9816601815757624
2554.0 0.9832342836412411
2555.0 0.9843963974325383
2556.0 0.9851698460967659
2557.0 0.9861067900770456
2558.0 0.9870658194170707
2559.0 0.9895847646831115
2560.0 0.9918167243901101
2561.0 0.992026492791433
2562.0 0.9912783574729885
2563.0 0.9917809820760161
2564.0 0.9911463828578375
2565.0 0.9916663973433003
2566.0 0.9910220244745033
2567.0 0.9923452973419752
2568.0 0.9931611601159651
2569.0 0.9938347506602646
2570.0 0.9936678190919146
2571.0 0.9948338769914307
2572.0 0.9981359706673667
2573.0 0.9987133143606656
2574.0 0.999561495408866
2575.0 0.9991530606380983
2576.0 1.0009871234995482
2577.0 1.0012275514025715
2578.0 1.0020577580476413
2579.0 1.0024450926846415
2580.0 1.0025540349299025
2581.0 1.0024978690142705
2582.0 1.0027690159153222
2583.0 1.0020620780739737
2584.0 1.002920174418153
2585.0 1.0031345853318976
2586.0 1.0038403494460464
2587.0 1.0048183964156487
2588.0 1.0042419480630358
2589.0 1.005072995416842
2590.0 1.0061316509097278
2591.0 1.006792747608719
2592.0 1.0080126959711164
2593.0 1.0093012589693275
2594.0 1.0095320570187536
2595.0 1.0109531735686448
2596.0 1.0116507014530973
2597.0 1.0132322473178468
2598.0 1.014417772123287
2599.0 1.015003224309863
2600.0 1.0141705349478913
2601.0 1.0135791711664086
2602.0 1.0125627472492864
2603.0 1.0111142306496663
2604.0 1.0124209975578904
2605.0 1.012169109691031
2606.0 1.0126346869049623
2607.0 1.0117607840095213
2608.0 1.0107230161015648
2609.0 1.0102590570353134
2610.0 1.0095434301603101
2611.0 1.009451602356869
2612.0 1.0087219880399
2613.0 1.007816458968935
2614.0 1.005918251872424
2615.0 1.0057720282487654
2616.0 1.0048237184565885
2617.0 1.0041296638098187
2618.0 1.0041853271918382
2619.0 1.0034642179949484
2620.0 1.0031146067600312
2621.0 1.0022842206083395
2622.0 1.000317520401242
2623.0 1.0003368939335044
2624.0 1.0007989660858851
2625.0 0.9988800782839666
2626.0 0.9984311349995224
2627.0 0.9973225839646135
2628.0 0.9956399601962292
2629.0 0.9959440687486035
2630.0 0.9960851179646358
2631.0 0.9945105377370723
2632.0 0.9925906775098454
2633.0 0.9937179323846842
2634.0 0.9934154268552036
2635.0 0.9930805336575798
2636.0 0.9941201563601832
2637.0 0.9941497188083402
2638.0 0.9950154707421625
2639.0 0.995411314882793
2640.0 0.9959965175517087
2641.0 0.9965114419898538
2642.0 0.997374487367942
2643.0 0.9974667023410498
2644.0 0.9974183039989022
2645.0 0.9974486976165262
2646.0 0.998178397085334
2647.0 0.9987778270217762
2648.0 0.9991312698615975
2649.0 1.000143445352907
2650.0 1.001028574904516
2651.0 1.0013168599453839
2652.0 1.0017826882512357
2653.0 1.0024608886082038
2654.0 1.00054957528216
2655.0 1.0002935693591797
2656.0 1.001479578653296
2657.0 1.002572393898598
2658.0 1.002007826676732
2659.0 1.002922042868235
2660.0 1.0035353680240573
2661.0 1.0051203746673238
2662.0 1.0047971193187097
2663.0 1.0040102637899684
2664.0 1.0044855207309418
2665.0 1.004944283897518
2666.0 1.0060978283178659
2667.0 1.005911092757477
2668.0 1.0055176733355946
2669.0 1.005192646612918
2670.0 1.0057192299929498
2671.0 1.0060284107299846
2672.0 1.0060936129982059
2673.0 1.0068531229640552
2674.0 1.0080417142422393
2675.0 1.0076183253911999
2676.0 1.0078061440282213
2677.0 1.0089543318996845
2678.0 1.0078062001860106
2679.0 1.005924093355254
2680.0 1.0063275272328946
2681.0 1.0057098881895241
2682.0 1.0049820101533165
2683.0 1.0064822703190561
2684.0 1.0054202619091435
2685.0 1.0058878644275102
2686.0 1.0050039200551841
2687.0 1.0045434504666868
2688.0 1.004507260579168
2689.0 1.0026069275012786
2690.0 1.0029258793580764
2691.0 1.003528777340055
2692.0 1.0022292259338725
2693.0 1.0019724064872924
2694.0 1.0029175627869231
2695.0 1.002072339694254
2696.0 1.000541296078309
2697.0 0.9994589578654148
2698.0 0.9988948478042854
2699.0 1.0002896876790235
2700.0 0.9997011962534603
2701.0 0.9975751697872033
2702.0 0.9976341622142066
2703.0 0.999250696545557
2704.0 0.9971344055264709
2705.0 0.9978001029547863
2706.0 0.9983728558329561
2707.0 0.9988546528188414
2708.0 0.9979971632209764
2709.0 0.9980549729363561
2710.0 0.9988763693752235
2711.0 0.9994899369428271
2712.0 0.9981985723135913
2713.0 0.9982557519635209
2714.0 0.9991777462987259
2715.0 0.997914307620206
2716.0 0.9976013455533596
2717.0 0.9982536350779568
2718.0 0.9979371994836947
2719.0 0.9975438389342759
2720.0 0.9980912775303165
2721.0 0.9987977825314527
2722.0 0.9976216494390961
2723.0 0.9983457913611595
2724.0 0.997791662612363
2725.0 0.9985946686688337
2726.0 0.9993074362970309
2727.0 0.998488812184701
2728.0 0.9979828233529108
2729.0 0.9977012935171371
2730.0 0.9961838025782662
2731.0 0.9961854032495264
2732.0 0.9956672762815881
2733.0 0.9955719005433898
2734.0 0.9957934411092189
2735.0 0.9962117143760993
2736.0 0.996992246086377
2737.0 0.996969199368288
2738.0 0.9949549099674082
2739.0 0.994898976021807
2740.0 0.9939497564397674
2741.0 0.992364591303476
2742.0 0.9934371072180768
2743.0 0.9919048464027007
2744.0 0.9915421285976702
2745.0 0.9910682924141954
2746.0 0.9901441833888555
2747.0 0.9898890488828685
2748.0 0.9880464322092681
2749.0 0.9900714117325006
2750.0 0.9894302752859829
2751.0 0.9876782605890706
2752.0 0.9881648414851697
2753.0 0.9875658911484365
2754.0 0.9874246466453412
2755.0 0.9876327185280376
2756.0 0.9888558077636115
2757.0 0.9878747669887811
2758.0 0.9881072957070666
2759.0 0.9878362115937521
2760.0 0.9876816154362996
2761.0 0.987334596589926
2762.0 0.9865697149394578
2763.0 0.9879582726703285
2764.0 0.9880426089103864
2765.0 0.9892829202135247
2766.0 0.988845193245255
2767.0 0.9890316523359052
2768.0 0.9883907535653638
2769.0 0.9895116693347059
2770.0 0.9905884551951611
2771.0 0.9898580067922662
2772.0 0.9898876634000432
2773.0 0.9898034393634384
2774.0 0.9916614798020711
2775.0 0.9926453510667385
2776.0 0.992755957114325
2777.0 0.9934972349584152
2778.0 0.9927334322425274
2779.0 0.9927561758757982
2780.0 0.9927630525568201
2781.0 0.9934002497617231
2782.0 0.9918726949122243
2783.0 0.9926647814354992
2784.0 0.9933538952830782
2785.0 0.9932079939544969
2786.0 0.9931110325119249
2787.0 0.993697713025128
2788.0 0.9949269268502231
2789.0 0.9939070313203003
2790.0 0.9940868805504083
2791.0 0.9948199093631757
2792.0 0.9957367068276018
2793.0 0.9950358288700983
2794.0 0.9945738856262526
2795.0 0.9952097283607977
2796.0 0.994475104125357
2797.0 0.9954156930289035
2798.0 0.9963585220087935
2799.0 0.9976492652242867
2800.0 0.9987327279280436
2801.0 0.9983079850195605
2802.0 1.000082272386939
2803.0 0.9998747838540469
2804.0 0.9997729498369637
2805.0 1.0009838556473718
2806.0 1.0023530909352116
2807.0 1.002592656199677
2808.0 1.0028510783084381
2809.0 1.0014377963183938
2810.0 1.002379878310079
2811.0 1.0020597947202687
2812.0 1.0008062685232189
2813.0 1.0016991241268376
2814.0 1.002478937213115
2815.0 1.001688790598815
2816.0 1.0009077940120963
2817.0 1.0007585835871515
2818.0 1.0007876608934267
2819.0 1.0006515970367982
2820.0 1.000169312418809
2821.0 1.0010626558951965
2822.0 1.0002702073209497
2823.0 1.0014094994823743
2824.0 1.0005987835974801
2825.0 1.0000615026879258
2826.0 1.0002155587898147
2827.0 0.9990392516955579
2828.0 0.9998300242267296
2829.0 1.0011597160895838
2830.0 1.000658268301936
2831.0 1.0005681418182677
2832.0 1.0004439530091864
2833.0 1.0012106390508593
2834.0 1.0011494545071664
2835.0 1.002586328682742
2836.0 1.0027589072156502
2837.0 1.0021814360147312
2838.0 1.0002549284153115
2839.0 1.0016182971086927
2840.0 1.0032269517880255
2841.0 1.0019761955386717
2842.0 1.0010665747887775
2843.0 1.0006995778752916
2844.0 1.0009821640492693
2845.0 1.0007855888899135
2846.0 1.001423116043431
2847.0 1.0015592199060044
2848.0 1.0025913115144474
2849.0 1.0034197549525852
2850.0 1.0043746863787277
2851.0 1.0058134999784827
2852.0 1.0077023228945152
2853.0 1.0080805925481673
2854.0 1.0099600605718448
2855.0 1.0085998989955876
2856.0 1.0097852764342212
2857.0 1.0107798106141812
2858.0 1.0114265384024712
2859.0 1.010977997388886
2860.0 1.011706744728151
2861.0 1.010648855666633
2862.0 1.0103596790152112
2863.0 1.011437418713995
2864.0 1.009592638125352
2865.0 1.009718588432597
2866.0 1.0089599804041804
2867.0 1.0094719391918636
2868.0 1.0091989896734999
2869.0 1.0090817314078373
2870.0 1.0095644335472784
2871.0 1.0098966275554035
2872.0 1.0081389379294265
2873.0 1.008264008438313
2874.0 1.00813777584225
2875.0 1.0082786604158553
2876.0 1.0079599399630423
2877.0 1.0081285378538702
2878.0 1.0077316735532957
2879.0 1.0077334025645173
2880.0 1.0076578787288235
2881.0 1.0076899592221285
2882.0 1.0067039562304878
2883.0 1.0069926144466341
2884.0 1.0062294651667185
2885.0 1.0059299136388562
2886.0 1.0048932412193121
2887.0 1.005077788305571
2888.0 1.004802622100493
2889.0 1.0055412201006004
2890.0 1.0052737028083356
2891.0 1.0055774715962165
2892.0 1.0042271747429214
2893.0 1.0057969478050448
2894.0 1.005088457615154
2895.0 1.0046991529551204
2896.0 1.0060486970114657
2897.0 1.0056605214870868
2898.0 1.0064375125488147
2899.0 1.0058439598805058
2900.0 1.0065348113328443
2901.0 1.0064080379536833
2902.0 1.0072312880759797
2903.0 1.0070936068507406
2904.0 1.0072875444781304
2905.0 1.0079833491873884
2906.0 1.0071156465150128
2907.0 1.008154754531318
2908.0 1.008787907045367
2909.0 1.0094483046885514
2910.0 1.0086292424541592
2911.0 1.0083810122290355
2912.0 1.0087430089666147
2913.0 1.0079689908243528
2914.0 1.007379288985586
2915.0 1.0075214207350427
2916.0 1.0067227810551875
2917.0 1.007870209926102
2918.0 1.0081457647366117
2919.0 1.0075048763200007
2920.0 1.007517495020718
2921.0 1.0075267428378878
2922.0 1.0081994774918959
2923.0 1.008460894078367
2924.0 1.0078892567244382
2925.0 1.0068934849561109
2926.0 1.0085271150160635
2927.0 1.0077011744500133
2928.0 1.008480280563458
2929.0 1.0083676523193177
2930.0 1.0073317320180943
2931.0 1.005348850627002
2932.0 1.00618981212534
2933.0 1.0069180966528353
2934.0 1.0056222411092821
2935.0 1.0052735676713564
2936.0 1.0049751533508917
2937.0 1.0046250679986322
2938.0 1.004273916542978
2939.0 1.004399581438871
2940.0 1.0050480154649981
2941.0 1.005317298967463
2942.0 1.0042359720498726
2943.0 1.0020455517046174
2944.0 1.0023092092223107
2945.0 1.0029590813442828
2946.0 1.0026555252059344
2947.0 1.0032207375054791
2948.0 1.0024146977660782
2949.0 1.002146773117043
2950.0 1.0021445322124662
2951.0 1.0032231840390446
2952.0 1.0030843763579531
2953.0 1.0033070672210436
2954.0 1.0039036428044243
2955.0 1.0055598485886774
2956.0 1.005875607810158
2957.0 1.0075119618702366
2958.0 1.0082780991505378
2959.0 1.0072928598257382
2960.0 1.007909835720533
2961.0 1.0073554563556113
2962.0 1.0064211987593996
2963.0 1.0069970669991024
2964.0 1.0070199716839356
2965.0 1.0067461706063714
2966.0 1.0067853921266934
2967.0 1.00597431948192
2968.0 1.0057570438179126
2969.0 1.0054333906588653
2970.0 1.0049662640407138
2971.0 1.004178445744737
2972.0 1.004632330741093
2973.0 1.0050070062678775
2974.0 1.005066063957251
2975.0 1.0050203333908316
2976.0 1.0060857250015613
2977.0 1.00580344099658
2978.0 1.005167888903939
2979.0 1.00535532506687
2980.0 1.0063698737988405
2981.0 1.0054138593730841
2982.0 1.0052743523555479
2983.0 1.0060205830639324
2984.0 1.005565084931757
2985.0 1.007273717982814
2986.0 1.0065119813890075
2987.0 1.0052722407085692
2988.0 1.005392921359255
2989.0 1.0045125187287236
2990.0 1.0040480533074339
2991.0 1.0038301737576305
2992.0 1.0038776776175349
2993.0 1.0024337028913128
2994.0 1.0031626996692726
2995.0 1.0025887928830204
2996.0 1.0030883683676164
2997.0 1.0026043559109261
2998.0 1.0023521003884548
2999.0 1.00099007670981
3000.0 1.0001119684988886
3001.0 0.9993651022388912
3002.0 0.9991259110154098
3003.0 0.9995621952458665
3004.0 0.997641317034516
3005.0 0.9972724467772949
3006.0 0.9961073529581161
3007.0 0.9967834032963979
3008.0 0.9963604623635288
3009.0 0.9956120754167316
3010.0 0.9945354452417339
3011.0 0.9947233226420951
3012.0 0.9940287685268717
3013.0 0.9922054687534716
3014.0 0.9920575250935464
3015.0 0.9940595222125833
3016.0 0.993308048224879
3017.0 0.992036982014561
3018.0 0.9948437523498541
3019.0 0.9943901004299137
3020.0 0.992312632938603
3021.0 0.9916284241159127
3022.0 0.9917552743129872
3023.0 0.9911233937817657
3024.0 0.9895508164331593
3025.0 0.9908018200600909
3026.0 0.9907780051049802
3027.0 0.9896729402963778
3028.0 0.9901670289278145
3029.0 0.9888602310426602
3030.0 0.9898850330956742
3031.0 0.9894239983466355
3032.0 0.9902160604008124
3033.0 0.9898763564475882
3034.0 0.9907014184891999
3035.0 0.9902518789053342
3036.0 0.9895206162728171
3037.0 0.9884406802370934
3038.0 0.9885164479890587
3039.0 0.989281226431854
3040.0 0.9891860124106674
3041.0 0.9878596060770548
3042.0 0.9900876096346656
3043.0 0.9906159945375977
3044.0 0.9888931557841522
3045.0 0.9908253323799168
3046.0 0.9898180500349182
3047.0 0.9904280640136027
3048.0 0.9906169129387146
3049.0 0.9899697722697189
3050.0 0.9906774928031175
3051.0 0.9900854075188266
3052.0 0.9906261681576017
3053.0 0.9917716300366194
3054.0 0.991084355306404
3055.0 0.9905885307932498
3056.0 0.9922881247735273
3057.0 0.99294655030988
3058.0 0.9940040606098797
3059.0 0.9929822970344943
3060.0 0.994458584487189
3061.0 0.9960528099429309
3062.0 0.9953856377995204
3063.0 0.997365371431594
3064.0 0.9962862150949605
3065.0 0.9970055865445594
3066.0 0.9982360029127527
3067.0 0.9981099589189225
3068.0 0.9981086583943403
3069.0 0.998886423234788
3070.0 0.999133993480698
3071.0 1.0000305767061364
3072.0 0.9986148791128455
3073.0 0.9985674926534878
3074.0 0.9983498508516802
3075.0 1.000363289646391
3076.0 1.0004439411632986
3077.0 1.0002415051054034
3078.0 0.9992240777916169
3079.0 0.9994434511949534
3080.0 0.9996577197477127
3081.0 0.9995802603903486
3082.0 0.9984129941630612
3083.0 0.9989896108471956
3084.0 0.9974816646550011
3085.0 0.9975595722003584
3086.0 0.9982137779269868
3087.0 1.0002254701478375
3088.0 1.0002778912232255
3089.0 1.000188699488314
3090.0 0.9988825711126585
3091.0 0.9993992532665661
3092.0 0.9990411139344949
3093.0 0.9992973023365933
3094.0 1.0000593534122295
3095.0 0.9993095183715935
3096.0 0.9983515081206784
3097.0 0.9996831587654416
3098.0 0.9991949201984903
3099.0 1.0001309374558096
3100.0 1.0005020299996925
3101.0 1.0005261979312206
3102.0 1.0011224571803676
3103.0 1.0016646536349993
3104.0 1.003143766055042
3105.0 1.003845152109128
3106.0 1.0040475562630238
3107.0 1.0034537870284035
3108.0 1.0047272677415349
3109.0 1.006151680318419
3110.0 1.006844914277003
3111.0 1.0067490730694928
3112.0 1.0078786697720612
3113.0 1.010531501373898
3114.0 1.0107834050508677
3115.0 1.0121028713369296
3116.0 1.0138050576325008
3117.0 1.0146426460236995
3118.0 1.015461169897919
3119.0 1.0163717106263468
3120.0 1.016629225853833
3121.0 1.0160484594763062
3122.0 1.0175345044098738
3123.0 1.0172946124678688
3124.0 1.01592750733568
3125.0 1.0156040956263042
3126.0 1.0153075134029443
3127.0 1.0148131442223132
3128.0 1.0139049669856652
3129.0 1.013950167200182
3130.0 1.0147146842641988
3131.0 1.014466217162641
3132.0 1.0150674106326512
3133.0 1.0147096849512582
3134.0 1.0156692967508427
3135.0 1.0148757519099223
3136.0 1.015251070500184
3137.0 1.0153081275346905
3138.0 1.0145909876665904
3139.0 1.0150210578781378
3140.0 1.013333817147035
3141.0 1.0129549877567523
3142.0 1.0126402737299425
3143.0 1.0126602993553997
3144.0 1.0115214457553343
3145.0 1.010417653313385
3146.0 1.0098961937024973
3147.0 1.0105543694468635
3148.0 1.009744022226753
3149.0 1.0095122448960523
3150.0 1.0068403120683727
3151.0 1.0071603977785297
3152.0 1.0077004108513767
3153.0 1.0083473426182707
3154.0 1.0082717672213988
3155.0 1.0082216104736144
3156.0 1.0068616523533918
3157.0 1.0080102149548358
3158.0 1.007745132118289
3159.0 1.0068990326036462
3160.0 1.0071159654190571
3161.0 1.0077143802459088
3162.0 1.0062417443975784
3163.0 1.0085206818424053
3164.0 1.0077782257707126
3165.0 1.0079791146076884
3166.0 1.0074525770626253
3167.0 1.0085190996922997
3168.0 1.0082486138073006
3169.0 1.0085178996281843
3170.0 1.008303444503707
3171.0 1.0087790538490489
3172.0 1.0093049006980317
3173.0 1.0095238060506622
3174.0 1.0108353757894066
3175.0 1.0113630345482811
3176.0 1.0113785405727802
3177.0 1.0117856933414284
3178.0 1.010996562654904
3179.0 1.0110022783403776
3180.0 1.0117627769616107
3181.0 1.0112398133150595
3182.0 1.012865309590134
3183.0 1.0128480510362399
3184.0 1.0119100847428033
3185.0 1.0121374470495619
3186.0 1.0133135934515285
3187.0 1.012560902884255
3188.0 1.0111967050058928
3189.0 1.0108148370346934
3190.0 1.0109178175973366
3191.0 1.010760765421906
3192.0 1.0115586222335966
3193.0 1.011833758683863
3194.0 1.0122090867123121
3195.0 1.0112392671116006
3196.0 1.0109187396392572
3197.0 1.0101218064444137
3198.0 1.0101313295560146
3199.0 1.00840774716253
3200.0 1.0099235679114147
3201.0 1.0111649580870399
3202.0 1.0095169430531634
3203.0 1.010627758231492
3204.0 1.010317190969912
3205.0 1.008787523240746
3206.0 1.0097703378984255
3207.0 1.0099967387636786
3208.0 1.0105544787524754
3209.0 1.0097786815080392
3210.0 1.0118468310792026
3211.0 1.0113362262752192
3212.0 1.0118446631323503
3213.0 1.0118817950474062
3214.0 1.011130142929021
3215.0 1.0121253420988576
3216.0 1.0107884946139816
3217.0 1.011102666519446
3218.0 1.010494828397346
3219.0 1.0110180621957428
3220.0 1.0099904072698243
3221.0 1.0093210089968792
3222.0 1.0086324204092105
3223.0 1.0079376729501082
3224.0 1.0091614911276614
3225.0 1.0091077284586134
3226.0 1.0084687783463906
3227.0 1.008321691760486
3228.0 1.0080087091758487
3229.0 1.0066234773855571
3230.0 1.0074722491027608
3231.0 1.0067325641272242
3232.0 1.008293277873747
3233.0 1.0088824220249843
3234.0 1.0089219264947114
3235.0 1.0092724785340366
3236.0 1.0076545761331408
3237.0 1.0088569174250337
3238.0 1.0087726148532294
3239.0 1.008042136580401
3240.0 1.0082465355688643
3241.0 1.0091798516187254
3242.0 1.0083170085606772
3243.0 1.0093462400575082
3244.0 1.0101610157096232
3245.0 1.009046411091105
3246.0 1.0097158338613166
3247.0 1.0102719449782689
3248.0 1.008583233955774
3249.0 1.0092427143332223
3250.0 1.0084017695087037
3251.0 1.0099339230459106
3252.0 1.01075781582017
3253.0 1.010861997779815
3254.0 1.0107325521274542
3255.0 1.0098805334735879
3256.0 1.0110228210519216
3257.0 1.0116880819617453
3258.0 1.010987511519254
3259.0 1.0119368827646675
3260.0 1.0131908836527523
3261.0 1.0125071101955223
3262.0 1.0136884728393176
3263.0 1.014118028987098
3264.0 1.0148856901817254
3265.0 1.014757189735351
3266.0 1.0169978984201544
3267.0 1.0165414139164433
3268.0 1.016256178231197
3269.0 1.0168554982315618
3270.0 1.0179881323629811
3271.0 1.0192738806948973
3272.0 1.0195073039939977
3273.0 1.0195559458916443
3274.0 1.0195707511757468
3275.0 1.0203912258648509
3276.0 1.0229924040356273
3277.0 1.0229425492347546
3278.0 1.022316639017455
3279.0 1.0235064554143485
3280.0 1.024626466414856
3281.0 1.025097555057797
3282.0 1.0254140031255545
3283.0 1.0277223224534782
3284.0 1.028364550432406
3285.0 1.028633897434352
3286.0 1.0304960274210482
3287.0 1.0323919339594116
3288.0 1.0325419523618866
3289.0 1.0317660344243114
3290.0 1.0327956977868968
3291.0 1.035395583941168
3292.0 1.0352139334983674
3293.0 1.0365438956038053
3294.0 1.0382393590072547
3295.0 1.039173610386443
3296.0 1.039099631979066
3297.0 1.039088278166838
3298.0 1.0404387550379068
3299.0 1.040999188333927
3300.0 1.0433737860890753
3301.0 1.044301270204806
3302.0 1.0443261376545465
3303.0 1.0460530329646052
