1.0 1.0306759057066752
2.0 1.0307500191907553
3.0 1.0301825763619818
4.0 1.029200077058897
5.0 1.0284569224386915
6.0 1.0286766725157113
7.0 1.0267580546860322
8.0 1.0259111935793135
9.0 1.0261660571247158
10.0 1.0256052204571895
11.0 1.024840456866509
12.0 1.0241442126962093
13.0 1.0256030166064654
14.0 1.0261660584873864
15.0 1.0254876943377036
16.0 1.0244480649735677
17.0 1.0226082983405025
18.0 1.0225111386029686
19.0 1.0224544261886332
20.0 1.021948124554423
21.0 1.0215777010408904
22.0 1.0209675888237817
23.0 1.0226551681509604
24.0 1.0216404174686913
25.0 1.021208963590104
26.0 1.0205201844499385
27.0 1.0210659153772048
28.0 1.0212421103004952
29.0 1.0211551565944852
30.0 1.0204976436458175
31.0 1.019962536284883
32.0 1.0205698012068367
33.0 1.0206902623248468
34.0 1.021112641717792
35.0 1.0210189331526789
36.0 1.0203369760749583
37.0 1.018743815007699
38.0 1.0179967339080915
39.0 1.0170496062698997
40.0 1.016122488215288
41.0 1.0149890623196796
42.0 1.0153129188936785
43.0 1.0158905860932124
44.0 1.014188247397157
45.0 1.0128411577354186
46.0 1.013065427216429
47.0 1.0136235846185806
48.0 1.0129467828468377
49.0 1.0117702844287424
50.0 1.011849674486897
51.0 1.0117442068269138
52.0 1.0103325479268044
53.0 1.0095995270786196
54.0 1.0086890761241118
55.0 1.008450403334251
56.0 1.00821979854872
57.0 1.0084204871102458
58.0 1.007786461212941
59.0 1.0078243948308019
60.0 1.0078131421635335
61.0 1.006019518567988
62.0 1.0054486897249215
63.0 1.0055844055609537
64.0 1.0048183892394456
65.0 1.0046442900015704
66.0 1.004639715762529
67.0 1.0059128319859434
68.0 1.0046700495730585
69.0 1.0044311377990196
70.0 1.0045644040888642
71.0 1.0050843306281638
72.0 1.0050456299506323
73.0 1.0050957608656343
74.0 1.0044718019914067
75.0 1.0045229115829022
76.0 1.0032987445898143
77.0 1.003918949245882
78.0 1.0039155848298824
79.0 1.0034959764299223
80.0 1.0040701943696475
81.0 1.005085410548023
82.0 1.0046658373427937
83.0 1.005569033027846
84.0 1.0053609260652538
85.0 1.0042458231642217
86.0 1.0050757109688022
87.0 1.0051209809627404
88.0 1.0037014506831674
89.0 1.0027971542664516
90.0 1.003119966471466
91.0 1.0036081303939763
92.0 1.0043428810422763
93.0 1.0053598700853308
94.0 1.0052070122376549
95.0 1.0052673255406843
96.0 1.0038912503501518
97.0 1.005977491873672
98.0 1.005215839582376
99.0 1.0065432763633413
100.0 1.0105511476836844
101.0 1.0116836473534048
102.0 1.0073220383608963
103.0 1.0066051837270396
104.0 1.0069844792880196
105.0 1.0078033916341755
106.0 1.0078565096768901
107.0 1.008512628417137
108.0 1.009141971317837
109.0 1.00877541752395
110.0 1.0084547416564824
111.0 1.0100220451926862
112.0 1.0097744403605153
113.0 1.0089930437791683
114.0 1.0095537167567554
115.0 1.0104966318256812
116.0 1.0094508289679325
117.0 1.0087157455580926
118.0 1.008646481495853
119.0 1.0090668573681452
120.0 1.009146328365238
121.0 1.0091148203509397
122.0 1.0097465757854007
123.0 1.0090772741830325
124.0 1.0101698050212806
125.0 1.0106346407095652
126.0 1.0088122904288728
127.0 1.0094550304692127
128.0 1.0096792271306485
129.0 1.0089114064293763
130.0 1.0090705383693037
131.0 1.010298797726519
132.0 1.0098487692631126
133.0 1.0091499531501193
134.0 1.0089200848592876
135.0 1.0078882970855825
136.0 1.0075517284009814
137.0 1.0075983618888016
138.0 1.0079147643156279
139.0 1.0073339402315167
140.0 1.0076899449765313
141.0 1.0065432519110695
142.0 1.005997957286541
143.0 1.0068050114448237
144.0 1.0075490950277832
145.0 1.006882371043625
146.0 1.0078320262914118
147.0 1.0079187877589044
148.0 1.008035842758664
149.0 1.0077790628469943
150.0 1.0098462120388119
151.0 1.0088382937657248
152.0 1.0064820790853741
153.0 1.006490251515263
154.0 1.0068958908042518
155.0 1.0063263088982348
156.0 1.0056019645763123
157.0 1.0059779866273966
158.0 1.0067561589427347
159.0 1.0068336856335356
160.0 1.0064217500577166
161.0 1.0067144110922903
162.0 1.0069886272167279
163.0 1.008276125147691
164.0 1.008393258778752
165.0 1.0093122172374545
166.0 1.0100239069532093
167.0 1.008713019913514
168.0 1.0082032370690557
169.0 1.0083899213106362
170.0 1.0081947174655612
171.0 1.010181600225853
172.0 1.0101164607872672
173.0 1.0105393445504562
174.0 1.010724787437319
175.0 1.0106219842427198
176.0 1.0119549957178686
177.0 1.011159979578543
178.0 1.0103366579752644
179.0 1.0097822485134924
180.0 1.0093292501572846
181.0 1.0094637313335013
182.0 1.0091155239574354
183.0 1.0072386971777954
184.0 1.0079568993728816
185.0 1.0083365582506256
186.0 1.0061559294988147
187.0 1.0052490357945285
188.0 1.0053881810924614
189.0 1.0054742028839618
190.0 1.0061135651303024
191.0 1.0066743315646536
192.0 1.0071964183507527
193.0 1.0062007531190889
194.0 1.0070357204435716
195.0 1.007755174672875
196.0 1.0081573809993545
197.0 1.0073635034914876
198.0 1.0078731121512792
199.0 1.0080596349896023
200.0 1.008312544567952
201.0 1.007659072439818
202.0 1.0089159667253278
203.0 1.0082628378278646
204.0 1.0083191507498008
205.0 1.0085263900809276
206.0 1.0093226082373885
207.0 1.0096436277518115
208.0 1.0105914712158135
209.0 1.0091548605926988
210.0 1.00896951232315
211.0 1.0087597208826717
212.0 1.0085916751426438
213.0 1.0085085276339227
214.0 1.0089094935831402
215.0 1.0095797076402797
216.0 1.0089618372309679
217.0 1.009372701670179
218.0 1.0099460497834345
219.0 1.0093121450640052
220.0 1.0094458199613345
221.0 1.0093433333293742
222.0 1.0094315019209237
223.0 1.0092394300867695
224.0 1.0083362529695428
225.0 1.0083824064585458
226.0 1.008580551218976
227.0 1.0078817429433322
228.0 1.008632400070465
229.0 1.0085873912814751
230.0 1.0086695726775556
231.0 1.0081960381395056
232.0 1.0078799823591036
233.0 1.0092470784505903
234.0 1.009285984887279
235.0 1.00835977337465
236.0 1.0090723907480517
237.0 1.008505064519062
238.0 1.0093149896813136
239.0 1.008683808480229
240.0 1.0082332818039643
241.0 1.0079028019438518
242.0 1.0084389465165338
243.0 1.0092236625007156
244.0 1.0093856666985994
245.0 1.007570335075884
246.0 1.0085639383663183
247.0 1.009495706733091
248.0 1.0089768476910497
249.0 1.0086238313588545
250.0 1.0084577833887098
251.0 1.008593517016241
252.0 1.0096074116901061
253.0 1.0097046867869723
254.0 1.009373575638568
255.0 1.0087036821274558
256.0 1.0087032359787456
257.0 1.0083763935706187
258.0 1.0088566237622312
259.0 1.0085352104947594
260.0 1.008584139821168
261.0 1.008624352491638
262.0 1.0088770700087448
263.0 1.0083877385123803
264.0 1.0083541751314808
265.0 1.0085302002431333
266.0 1.0082580461128337
267.0 1.0084095956712629
268.0 1.0080494276026286
269.0 1.007298795773207
270.0 1.0072093040503554
271.0 1.0060872761946142
272.0 1.0062345299348237
273.0 1.0057825502322586
274.0 1.005588070162071
275.0 1.004445941301792
276.0 1.0041385351353334
277.0 1.0034493249154646
278.0 1.0037090853643722
279.0 1.0038092090808064
280.0 1.0030736665463478
281.0 1.001999034345686
282.0 1.0021881696308879
283.0 1.0013260028567623
284.0 1.0011484630964353
285.0 1.0009924187479056
286.0 1.000306550951344
287.0 0.9994976103947891
288.0 0.9999973195168983
289.0 1.0002312605127464
290.0 1.0001901384632566
291.0 0.9993071883815307
292.0 0.9995467507093705
293.0 0.9989985006509042
294.0 0.999069692842091
295.0 0.9994022149941157
296.0 0.9983800001774146
297.0 0.9990057618301581
298.0 0.9991099702243418
299.0 0.9985337737084623
300.0 0.9983308472792237
301.0 0.9983774783201875
302.0 0.9967886766970384
303.0 0.9955079183895978
304.0 0.9960868222609458
305.0 0.9964782844853028
306.0 0.9957874403165314
307.0 0.9953378274452607
308.0 0.9965311451612938
309.0 0.9967424905682933
310.0 0.9974763605576943
311.0 0.9973927587728347
312.0 0.9967312052806163
313.0 0.9963378294930485
314.0 0.9955090644625313
315.0 0.9950125202473151
316.0 0.9943932125823065
317.0 0.994292573158086
318.0 0.9941708354358764
319.0 0.9942020829057954
320.0 0.9948752697158961
321.0 0.9945164848101417
322.0 0.9943180220714825
323.0 0.9951814334171143
324.0 0.99443947419478
325.0 0.9941964127993353
326.0 0.9945748607419881
327.0 0.995325195872089
328.0 0.9952334784080795
329.0 0.9952213914754321
330.0 0.9956817281362632
331.0 0.995723173551809
332.0 0.9958059602823734
333.0 0.9949235091823666
334.0 0.9950469015394402
335.0 0.9946783200072498
336.0 0.994137500346493
337.0 0.9937319945923996
338.0 0.9934228946636787
339.0 0.9925223292154677
340.0 0.9919292362293941
341.0 0.9926182571653658
342.0 0.9920073700133877
343.0 0.9936211555977956
344.0 0.9936531199326754
345.0 0.9943264874950788
346.0 0.9946808638883172
347.0 0.9949936100908743
348.0 0.9948406693461883
349.0 0.9959124091300569
350.0 0.9971636323514769
351.0 0.9973522532199635
352.0 0.9969597580839682
353.0 0.9969539818144716
354.0 0.9957868163557346
355.0 0.9959595503200905
356.0 0.9964021039895983
357.0 0.9963832167595014
358.0 0.9972090619462681
359.0 0.9967349936635822
360.0 0.9978214468628135
361.0 0.9988810293721587
362.0 0.9992494587655953
363.0 0.9983023760314281
364.0 0.9993390224226234
365.0 0.9995689118353231
366.0 0.9999861560159908
367.0 1.0000198967817224
368.0 1.0008056210442178
369.0 0.9998524331715021
370.0 1.0005633048734273
371.0 1.001185712976043
372.0 1.0008921713078829
373.0 1.0011724139522944
374.0 1.000523126287372
375.0 0.9993659942010926
376.0 0.9988737165649733
377.0 0.9982948025123226
378.0 0.9979482576540438
379.0 0.9971056778015172
380.0 0.9967419035089904
381.0 0.9970282451922302
382.0 0.9980959200777728
383.0 0.9983067443098654
384.0 0.9980501986860694
385.0 0.9976077865258772
386.0 0.9988060389036082
387.0 0.9982281307748802
388.0 0.9989641384411598
389.0 0.9978799972998887
390.0 0.9979367341839053
391.0 0.997907616460339
392.0 0.9982602689911915
393.0 0.9980078213248413
394.0 0.998869115894525
395.0 0.9996952011475299
396.0 0.9997047446133306
397.0 0.9990580259476286
398.0 0.9999299986088601
399.0 0.9998660899993601
400.0 1.0001055227967275
401.0 0.9996290518100847
402.0 1.0001640451107994
403.0 1.0007583306290389
404.0 1.0009962635787553
405.0 0.9995607527112373
406.0 1.0000407472607888
407.0 0.9995349795954049
408.0 0.9987159193553129
409.0 0.9988797816465093
410.0 0.9994578542195995
411.0 0.9983003240572463
412.0 0.9977298189767159
413.0 0.9979128414478629
414.0 0.9973504034679899
415.0 0.9967414106382348
416.0 0.9958557565668096
417.0 0.994780091738637
418.0 0.9943646957117916
419.0 0.9933289444974449
420.0 0.9945405618791607
421.0 0.9941516659677065
422.0 0.9933984647389936
423.0 0.9935670055915059
424.0 0.9929080160425179
425.0 0.9924994481138856
426.0 0.9921485745345829
427.0 0.9912113020836605
428.0 0.9906534421237025
429.0 0.9921335901013356
430.0 0.992303110889721
431.0 0.991008385069883
432.0 0.9905372489244675
433.0 0.9906507686676594
434.0 0.989715157697416
435.0 0.9888978782860817
436.0 0.988434160149745
437.0 0.9877300688103556
438.0 0.9879121452090913
439.0 0.9869118654607246
440.0 0.9857724194041739
441.0 0.9860173040100297
442.0 0.9854573550258877
443.0 0.9840408608787615
444.0 0.9824100406197986
445.0 0.9822531066917678
446.0 0.9826524554155278
447.0 0.981147411241946
448.0 0.9812135877842636
449.0 0.9796534191115976
450.0 0.97967174726419
451.0 0.9791129807459316
452.0 0.9786800049103622
453.0 0.9778655067116814
454.0 0.9774189833498618
455.0 0.976266882114407
456.0 0.9756011304156916
457.0 0.975004907393807
458.0 0.9757051552241174
459.0 0.9754848792342552
460.0 0.9751104063231414
461.0 0.9739115070125528
462.0 0.9732151620611392
463.0 0.9719526376264812
464.0 0.9722273054639518
465.0 0.9709131722854576
466.0 0.9719223217047941
467.0 0.9705666842323271
468.0 0.9709970844825053
469.0 0.9708387754923633
470.0 0.970674396261543
471.0 0.9706922189742954
472.0 0.9707970907877599
473.0 0.9713827488268845
474.0 0.9710355261269967
475.0 0.9709280932985999
476.0 0.9707947752456931
477.0 0.97050895612347
478.0 0.970190576770103
479.0 0.9694875480629983
480.0 0.9703419515897899
481.0 0.9705809065561074
482.0 0.9706628693498469
483.0 0.9701605649240151
484.0 0.9704144973176078
485.0 0.9719317110089944
486.0 0.9711493573189239
487.0 0.971467157337436
488.0 0.9719655091673909
489.0 0.9730852700097729
490.0 0.973119793349345
491.0 0.9731612839712962
492.0 0.9743446013940739
493.0 0.9759039489141305
494.0 0.9765102680245833
495.0 0.9770148084604329
496.0 0.9784795841348068
497.0 0.9781111891870277
498.0 0.9791774514786852
499.0 0.9790802138342206
500.0 0.979071529487491
501.0 0.9800963273173775
502.0 0.9801291342307326
503.0 0.9805466164283995
504.0 0.9809646400985766
505.0 0.9820141000326769
506.0 0.9813793974769149
507.0 0.9818060031059455
508.0 0.9813100399148327
509.0 0.9822605033427422
510.0 0.981769911510262
511.0 0.9823948205878358
512.0 0.982641943526653
513.0 0.9823268404094813
514.0 0.9811170273950159
515.0 0.9803587969198305
516.0 0.9808899787767548
517.0 0.9814601808240647
518.0 0.9813361509341482
519.0 0.9806936185078026
520.0 0.9805948739903714
521.0 0.9802722574892362
522.0 0.9802843594596841
523.0 0.9806732968018453
524.0 0.9815329179951549
525.0 0.9815035255803733
526.0 0.9819095263840446
527.0 0.982255172529146
528.0 0.9825136461995765
529.0 0.9807933276079704
530.0 0.9811491073378894
531.0 0.9806946803879492
532.0 0.9805744618061868
533.0 0.9818102389365545
534.0 0.9810283304349786
535.0 0.9813439236844865
536.0 0.9825050602193514
537.0 0.9831467684527084
538.0 0.9834105168872366
539.0 0.9838154593629557
540.0 0.9847784754958088
541.0 0.9842399221864486
542.0 0.9847056775281477
543.0 0.9855937087678343
544.0 0.9859537072305993
545.0 0.9859511663410198
546.0 0.9864695537779948
547.0 0.9863123232939451
548.0 0.9874227735527955
549.0 0.9874665342645507
550.0 0.9877114397178485
551.0 0.9874748286904808
552.0 0.9884299868664695
553.0 0.9887098747647811
554.0 0.9888073912882855
555.0 0.9902518400860116
556.0 0.9904448169113763
557.0 0.9913358891465803
558.0 0.9916948778750914
559.0 0.9924875554949255
560.0 0.992638048828696
561.0 0.9928273246951483
562.0 0.9941784957840263
563.0 0.9940949716821331
564.0 0.99611781185603
565.0 0.9956352289234518
566.0 0.9981911483073346
567.0 0.9984967184600196
568.0 0.9987989216720858
569.0 0.999021115890125
570.0 0.999736123525784
571.0 1.00072429357196
572.0 1.0008343789358474
573.0 1.0013436049930848
574.0 1.002080344403675
575.0 1.0016808321397215
576.0 1.0013367388319638
577.0 1.002504808873992
578.0 1.002974493537208
579.0 1.0031471265672918
580.0 1.002786258611642
581.0 1.0050451173838857
582.0 1.0048278884071922
583.0 1.0053435144292222
584.0 1.0062951820918256
585.0 1.0067143880978213
586.0 1.0080074132192138
587.0 1.0074672312130806
588.0 1.0081003754038322
589.0 1.0087030406480273
590.0 1.0084301113835301
591.0 1.0083071595276198
592.0 1.0088828851723786
593.0 1.008714320872435
594.0 1.0081768525143076
595.0 1.0085930512277885
596.0 1.0083479869529919
597.0 1.0078984306352288
598.0 1.0078134002387729
599.0 1.0073403102079523
600.0 1.006939438476651
601.0 1.0066748094035562
602.0 1.0064692728856421
603.0 1.0065579203517472
604.0 1.0072588931933006
605.0 1.00745123245692
606.0 1.007565381810264
607.0 1.006851614454959
608.0 1.0072159156653209
609.0 1.00768192065087
610.0 1.0084444790823996
611.0 1.008221069357296
612.0 1.0082652760722548
613.0 1.008378068633646
614.0 1.0090290461731133
615.0 1.0094063770815374
616.0 1.0102178527882397
617.0 1.009935025622743
618.0 1.0097257731568423
619.0 1.011631923510292
620.0 1.013389242689715
621.0 1.013839183342662
622.0 1.0149127904745137
623.0 1.0149193761939441
624.0 1.0153164174160423
625.0 1.0166478793727316
626.0 1.0171699909030913
627.0 1.0181329053828787
628.0 1.0182528904617523
629.0 1.017665316708862
630.0 1.016153500420244
631.0 1.0170229014977725
632.0 1.016652346367998
633.0 1.0172175652632243
634.0 1.0167397175565844
635.0 1.0168059604353574
636.0 1.0174771163833607
637.0 1.017186544150181
638.0 1.0175233090517704
639.0 1.0174573010824282
640.0 1.018304196632346
641.0 1.0186460374842232
642.0 1.0194729785076202
643.0 1.0208591758380574
644.0 1.021010712398319
645.0 1.020029149076278
646.0 1.020515056870229
647.0 1.021068343805836
648.0 1.0206263543424696
649.0 1.0210680731842245
650.0 1.0212428172816914
651.0 1.0210746416288912
652.0 1.020405196982915
653.0 1.0212815358412601
654.0 1.0198577967550557
655.0 1.0202055564003236
656.0 1.0198549501441783
657.0 1.0192774266767204
658.0 1.0183976923576452
659.0 1.017205576726532
660.0 1.0175067832235727
661.0 1.0167052593277657
662.0 1.0162070822493012
663.0 1.0168618592616452
664.0 1.016337992726256
665.0 1.015575348164427
666.0 1.0153176486253037
667.0 1.0153090940609735
668.0 1.013997451898926
669.0 1.0144995564618053
670.0 1.015226790898527
671.0 1.013299060322389
672.0 1.0134454209048187
673.0 1.014667562753199
674.0 1.0141550352679403
675.0 1.0134020367762513
676.0 1.0132967453569148
677.0 1.0130188148935555
678.0 1.0134911500199784
679.0 1.0133689490852051
680.0 1.0124052797173588
681.0 1.0135198341421632
682.0 1.0132305515001216
683.0 1.0140534562436132
684.0 1.0145817023248922
685.0 1.01551420350868
686.0 1.0137551406824297
687.0 1.0141401815675388
688.0 1.0141521968199214
689.0 1.0141442419430728
690.0 1.0145211260267661
691.0 1.0144743020628182
692.0 1.0145393129086584
693.0 1.014279501961693
694.0 1.0136850613373478
695.0 1.0132319907118632
696.0 1.0122602056443748
697.0 1.0130339089159042
698.0 1.0115177534897029
699.0 1.011067139274318
700.0 1.0115958397555616
701.0 1.0120301849525168
702.0 1.0115089209126331
703.0 1.0116119786861724
704.0 1.0117183310063587
705.0 1.0125567667218602
706.0 1.0126081748168236
707.0 1.0122072745482846
708.0 1.012900586616192
709.0 1.0134617709245533
710.0 1.0126893193388455
711.0 1.012610797625185
712.0 1.0129776306041989
713.0 1.0129943984975829
714.0 1.0137963058040453
715.0 1.0134274934334573
716.0 1.0130916816672906
717.0 1.0134578662626963
718.0 1.0134657518245205
719.0 1.0126657803604724
720.0 1.0127884579352644
721.0 1.0118935877172133
722.0 1.0122715885808649
723.0 1.0117412521174154
724.0 1.0126174173161269
725.0 1.0128816656893052
726.0 1.0136779405541139
727.0 1.0137769976069744
728.0 1.0131345894520225
729.0 1.0127603301802022
730.0 1.0131952033913258
731.0 1.0124127203043336
732.0 1.0123032612008718
733.0 1.012308736699068
734.0 1.0118010523269068
735.0 1.0123694835962342
736.0 1.0127192287527385
737.0 1.013290691487306
738.0 1.0145283342939282
739.0 1.0157084180566023
740.0 1.0147390389113649
741.0 1.014128268228439
742.0 1.0145570457777118
743.0 1.014851708346594
744.0 1.0151956221372835
745.0 1.0167810429770876
746.0 1.0143416180405562
747.0 1.013938185840177
748.0 1.0130880451018311
749.0 1.0125431246666623
750.0 1.0121065292645015
751.0 1.0121140319928548
752.0 1.0119136321554763
753.0 1.011008589332564
754.0 1.011640743592619
755.0 1.0112859667605274
756.0 1.0111350306834361
757.0 1.0106275689651345
758.0 1.0102884208957328
759.0 1.0096583937055572
760.0 1.0102775877950756
761.0 1.0098148460012215
762.0 1.0108531293318326
763.0 1.011705229983068
764.0 1.0111188736705319
765.0 1.0107574924764169
766.0 1.0113174280880743
767.0 1.0111059403024723
768.0 1.0114344403287112
769.0 1.0110571732753875
770.0 1.0124851484639459
771.0 1.0119661120340804
772.0 1.0122504382540136
773.0 1.0119535225570016
774.0 1.0117029507231015
775.0 1.0116884353633804
776.0 1.0118241370209349
777.0 1.0104314933345626
778.0 1.0106908604048568
779.0 1.0105681598827
780.0 1.0103516332681015
781.0 1.0096536194355266
782.0 1.0088394146540947
783.0 1.008354796863306
784.0 1.0078761275228314
785.0 1.0074320075048646
786.0 1.0078648913196606
787.0 1.0077821572329453
788.0 1.008295395809599
789.0 1.0073621029277258
790.0 1.0083887212908618
791.0 1.0089472579002203
792.0 1.0090380678647854
793.0 1.0097616063045127
794.0 1.0100261190060464
795.0 1.0111265680490424
796.0 1.0129772961299657
797.0 1.0124501528065963
798.0 1.01356295258338
799.0 1.0147622667140344
800.0 1.0157760580802813
801.0 1.0157050698669432
802.0 1.0168466085918972
803.0 1.0181467152578938
804.0 1.018392524660713
805.0 1.0196802102606701
806.0 1.0195794841181627
807.0 1.0211912958317904
808.0 1.021905284816228
809.0 1.0213399610806724
810.0 1.0224435289096947
811.0 1.0236591913591635
812.0 1.0245461298053935
813.0 1.0254594580192675
814.0 1.0253545031599463
815.0 1.0264039241405645
816.0 1.0277479831974976
817.0 1.0279064311931982
818.0 1.0296306029477753
819.0 1.0307198645518982
820.0 1.0319973008030843
821.0 1.0324999376676594
822.0 1.0335152339046931
823.0 1.0347074347446734
824.0 1.0358896407933036
825.0 1.0370299188252634
826.0 1.0384412965912007
827.0 1.0390575349781908
828.0 1.0408510410020824
829.0 1.042428535809519
830.0 1.0444102282071586
831.0 1.0456811320456452
832.0 1.0474128024009426
833.0 1.0488388413523178
834.0 1.0499759459694782
835.0 1.0504525617879812
836.0 1.0518721213879658
837.0 1.0519624861663515
838.0 1.0525628975187522
839.0 1.0520483023625231
840.0 1.0519792932580287
841.0 1.051563046113868
842.0 1.0508496231276263
843.0 1.049027468992069
844.0 1.0480830819958924
845.0 1.0471131004323673
846.0 1.0457540556827905
847.0 1.0449381637001642
848.0 1.043684898612531
849.0 1.0423641716618617
850.0 1.0418936063675064
851.0 1.0409683698227388
852.0 1.0393871574515134
853.0 1.0381085320095655
854.0 1.0376565198272552
855.0 1.0369970331443263
856.0 1.0361117576587886
857.0 1.0343352271866788
858.0 1.0337115649003688
859.0 1.0327293226241665
860.0 1.0311706291744607
861.0 1.0288729486058983
862.0 1.0270220502091432
863.0 1.024657615246026
864.0 1.0232563196842077
865.0 1.0221347794896711
866.0 1.0205936265425533
867.0 1.0192557800475244
868.0 1.0185424399431358
869.0 1.0179982226972253
870.0 1.0163217287209403
871.0 1.0158540082756091
872.0 1.015265652820555
873.0 1.013743513260104
874.0 1.0126088181533426
875.0 1.0112174252442812
876.0 1.0113938718087305
877.0 1.0116310480275197
878.0 1.0107871731332159
879.0 1.0105125294354156
880.0 1.0105998449187952
881.0 1.0098431540464319
882.0 1.0102502147381092
883.0 1.0099590581739626
884.0 1.010440016852505
885.0 1.0096126805331962
886.0 1.0093062221418159
887.0 1.0097850850783514
888.0 1.0100100881711498
889.0 1.0098119504528216
890.0 1.0097420965006818
891.0 1.0082804712571796
892.0 1.0069972085500878
893.0 1.0060343465459098
894.0 1.0059090220433626
895.0 1.0050660152246338
896.0 1.0033700472256684
897.0 1.0016153569533535
898.0 1.0008849431047981
899.0 1.0000732983157334
900.0 0.9984060699546846
901.0 0.9980507090452365
902.0 0.997810793528021
903.0 0.9961341209457667
904.0 0.9963366324223694
905.0 0.9956192349109642
906.0 0.9943511280634083
907.0 0.9930388263084889
908.0 0.9931099670305298
909.0 0.9913688569082102
910.0 0.9911168754535227
911.0 0.9908909266247045
912.0 0.9901624042366234
913.0 0.9892865093224664
914.0 0.988706116452942
915.0 0.9891850005547084
916.0 0.9893925613024543
917.0 0.9890147095356382
918.0 0.9888815595499777
919.0 0.9870069446512766
920.0 0.9869044711188405
921.0 0.9871681649900855
922.0 0.985531517271966
923.0 0.9858460733979366
924.0 0.987198245723385
925.0 0.9864865456591869
926.0 0.9877745031308781
927.0 0.989473668535235
928.0 0.9900294224135359
929.0 0.9902208787849643
930.0 0.9908448581184383
931.0 0.9916685395463428
932.0 0.992016152451339
933.0 0.992804685442068
934.0 0.9943270356459123
935.0 0.9944014733541067
936.0 0.9943875637224486
937.0 0.9950810059945122
938.0 0.9943992803541098
939.0 0.9940739426595356
940.0 0.9942500418213269
941.0 0.9950599762972113
942.0 0.9959068519932983
943.0 0.9967565528913838
944.0 0.9969961679534236
945.0 0.997179336343523
946.0 0.9974720329524482
947.0 0.997302600897843
948.0 0.9978261759536466
949.0 0.997205331992748
950.0 0.9975824027042904
951.0 0.9964115567453707
952.0 0.9958357511665069
953.0 0.9954782830479871
954.0 0.994886289276098
955.0 0.9930513633671603
956.0 0.9918702559675221
957.0 0.9913014823966062
958.0 0.9906015101345178
959.0 0.9890250988237084
960.0 0.9883110138714908
961.0 0.9884444514718689
962.0 0.9882918667779911
963.0 0.9887255593799859
964.0 0.9877980675152443
965.0 0.987723978101459
966.0 0.9887719688061782
967.0 0.9878821031222318
968.0 0.9894899063142343
969.0 0.9907012400828789
970.0 0.9914716766775049
971.0 0.9915188018584119
972.0 0.9915061416523323
973.0 0.9915603475480335
974.0 0.9921418411716113
975.0 0.9923131718738405
976.0 0.9923238570133047
977.0 0.9926588427933759
978.0 0.9919343551578815
979.0 0.9928696071052815
980.0 0.9940292482978768
981.0 0.994767199053728
982.0 0.9938157069739435
983.0 0.9928746344836668
984.0 0.9933196754596874
985.0 0.9932877789840655
986.0 0.9922962825541138
987.0 0.9932375080130242
988.0 0.9927132568928979
989.0 0.9917644683322439
990.0 0.992654657239609
991.0 0.9929051704155895
992.0 0.9933921033139845
993.0 0.9933016134213922
994.0 0.9925570684541395
995.0 0.9926794558662959
996.0 0.9907229763746094
997.0 0.9913858023114014
998.0 0.9902458151533751
999.0 0.9903498790630264
1000.0 0.9896240205677078
1001.0 0.9899509230016436
1002.0 0.9893602273136571
1003.0 0.9897563083997112
1004.0 0.9888573998533308
1005.0 0.9886738971871866
1006.0 0.9882149240931157
1007.0 0.9881240436731771
1008.0 0.9880803829804516
1009.0 0.9874544339362036
1010.0 0.986670354122429
1011.0 0.9882988877253343
1012.0 0.9880403007824811
1013.0 0.9873513391801462
1014.0 0.9885066999083318
1015.0 0.9891220614113595
1016.0 0.9885958355065771
1017.0 0.9876843337787771
1018.0 0.988594233957551
1019.0 0.9878839436509446
1020.0 0.9879115956911948
1021.0 0.9873304974422108
1022.0 0.9868267343720017
1023.0 0.9880822040573431
1024.0 0.9874890053638922
1025.0 0.9872336629990687
1026.0 0.9878748431430255
1027.0 0.9880994383128575
1028.0 0.9880502759536061
1029.0 0.9893628546073171
1030.0 0.9905342205084324
1031.0 0.9915140497590061
1032.0 0.9923743856154504
1033.0 0.9936822257848631
1034.0 0.9934557734386509
1035.0 0.9927352652018987
1036.0 0.9923778391624068
1037.0 0.9944473941339054
1038.0 0.9950220974774789
1039.0 0.9951757025433045
1040.0 0.9956159695682854
1041.0 0.996529915546649
1042.0 0.9962121747334364
1043.0 0.9978403737351217
1044.0 0.9988413053571497
1045.0 0.9981604805978989
1046.0 0.9976067692456992
1047.0 0.999080749336994
1048.0 0.9991159648721576
1049.0 0.9985842679217495
1050.0 0.9986985631839991
1051.0 0.9987015513707851
1052.0 0.9991165008324557
1053.0 0.9976928053900934
1054.0 0.9981207334816536
1055.0 0.9975193593051931
1056.0 0.9970314298561264
1057.0 0.9977076067592383
1058.0 0.9966516198257738
1059.0 0.9961963309642551
1060.0 0.9961114508326144
1061.0 0.9965159747346146
1062.0 0.9963201197432847
1063.0 0.9961949964376395
1064.0 0.9953654505030971
1065.0 0.9956227218186342
1066.0 0.9954990246926811
1067.0 0.995487197314595
1068.0 0.9946655291138407
1069.0 0.9944655549779003
1070.0 0.9948326410985809
1071.0 0.9939002492585127
1072.0 0.9940178541061419
1073.0 0.9936691167959455
1074.0 0.9927358022143189
1075.0 0.9933206135175336
1076.0 0.9928423177621628
1077.0 0.9933568969382428
1078.0 0.9941422495100106
1079.0 0.9941630349250421
1080.0 0.9929639140606163
1081.0 0.9922696973800839
1082.0 0.9917749650217567
1083.0 0.9901896520100156
1084.0 0.991145190195154
1085.0 0.990310420206112
1086.0 0.9908417837286542
1087.0 0.9904637664407461
1088.0 0.9903331956562467
1089.0 0.9900865818507311
1090.0 0.9899226790299576
1091.0 0.9897874671808095
1092.0 0.9894197316872824
1093.0 0.9896161306058929
1094.0 0.9899751818628241
1095.0 0.9898159643878339
1096.0 0.9893528172237155
1097.0 0.9886066784286374
1098.0 0.9877021403974182
1099.0 0.9874943761399729
1100.0 0.9875255657952464
1101.0 0.9870041229438122
1102.0 0.9866665423000238
1103.0 0.9861727552158317
1104.0 0.9871658927682834
1105.0 0.9864771393882275
1106.0 0.9878614953649174
1107.0 0.9878929027257245
1108.0 0.987846391986146
1109.0 0.9882263596018939
1110.0 0.9882771773618061
1111.0 0.9884365021979532
1112.0 0.9887889660149433
1113.0 0.9902626817477156
1114.0 0.9907602432211701
1115.0 0.9906037738491248
1116.0 0.9907508591990821
1117.0 0.9896038735964626
1118.0 0.989529291072456
1119.0 0.9879224849750616
1120.0 0.98769599869937
1121.0 0.9868193873473282
1122.0 0.985495327904061
1123.0 0.9848009998968167
1124.0 0.9842407105097999
1125.0 0.982563619706133
1126.0 0.9818500879024136
1127.0 0.9818800174667078
1128.0 0.9822788277951673
1129.0 0.9815748435847621
1130.0 0.9815299629771793
1131.0 0.9816427448127534
1132.0 0.9804886052005524
1133.0 0.9796314919330009
1134.0 0.978730383466652
1135.0 0.978571451803767
1136.0 0.978108952812086
1137.0 0.9766790513230695
1138.0 0.9759948774772744
1139.0 0.9749350438928126
1140.0 0.9752231969424675
1141.0 0.9751540507938631
1142.0 0.9745449330344573
1143.0 0.973887520965115
1144.0 0.9740119623578111
1145.0 0.9734345984811066
1146.0 0.973329983034043
1147.0 0.9727963351193941
1148.0 0.972074602398962
1149.0 0.9719685248076094
1150.0 0.971967267927876
1151.0 0.971588057239835
1152.0 0.9708180655463545
1153.0 0.9716318825885749
1154.0 0.9714351223301583
1155.0 0.9719122417964761
1156.0 0.9723210717778047
1157.0 0.9719634454579591
1158.0 0.9722092701574547
1159.0 0.972097105825095
1160.0 0.9716443026164765
1161.0 0.9716521288196803
1162.0 0.9700231205482555
1163.0 0.9694790402047417
1164.0 0.9707066493457527
1165.0 0.9694633652428888
1166.0 0.9688262837718514
1167.0 0.9680188337573532
1168.0 0.9674659757259436
1169.0 0.966656645832839
1170.0 0.9664316568583793
1171.0 0.9680579445010601
1172.0 0.9669910907572079
1173.0 0.9664790730642145
1174.0 0.9671833564986578
1175.0 0.9670979025817531
1176.0 0.9673736679702034
1177.0 0.9673779342203924
1178.0 0.9671617238159609
1179.0 0.9689427778971482
1180.0 0.9691300909382395
1181.0 0.9691096540351894
1182.0 0.970491559282239
1183.0 0.9707430836142281
1184.0 0.9703068676079948
1185.0 0.9704483200116502
1186.0 0.9712075919377382
1187.0 0.9725093460710807
1188.0 0.9764031681661843
1189.0 0.9833066160736758
1190.0 0.9860772031506932
1191.0 0.9824648539874135
1192.0 0.9860857227352594
1193.0 0.9815447803631302
1194.0 0.9792391510645427
1195.0 0.9801950868211897
1196.0 0.9807093915780815
1197.0 0.9820097697448121
1198.0 0.982887689717618
1199.0 0.9825256781465422
1200.0 0.9832752947455553
1201.0 0.9833635725314215
1202.0 0.9841340693108037
1203.0 0.9851970725105592
1204.0 0.9846431079700174
1205.0 0.9857774023058585
1206.0 0.987127767556208
1207.0 0.9882123281452998
1208.0 0.9888981693605178
1209.0 0.9889398295868668
1210.0 0.9901470110979947
1211.0 0.9903729479949911
1212.0 0.9907043943295584
1213.0 0.9910912543271049
1214.0 0.9916326778794784
1215.0 0.9913371257591633
1216.0 0.9902627933338903
1217.0 0.9906769486088414
1218.0 0.9899192487671368
1219.0 0.9897024598146159
1220.0 0.9896156150984159
1221.0 0.9878434117222409
1222.0 0.9878868896068552
1223.0 0.9863602492293654
1224.0 0.9862003443441552
1225.0 0.9856371163704819
1226.0 0.9867042899242585
1227.0 0.9867087585652939
1228.0 0.9870948449071678
1229.0 0.9867183874058076
1230.0 0.9854694087044992
1231.0 0.9866159804258814
1232.0 0.9861007181074779
1233.0 0.9865771581472754
1234.0 0.9873310343000714
1235.0 0.9879268410976523
1236.0 0.9879115837493962
1237.0 0.9876445065386646
1238.0 0.9879571048641045
1239.0 0.9886197159984838
1240.0 0.9891627006090833
1241.0 0.9894125359327175
1242.0 0.9874313540703104
1243.0 0.9874544944045567
1244.0 0.9884362678903362
1245.0 0.9882361025920364
1246.0 0.9882496891096629
1247.0 0.9893189074798768
1248.0 0.988064429126373
1249.0 0.9878113413587072
1250.0 0.9880649501505919
1251.0 0.9884990609943125
1252.0 0.9887966671597072
1253.0 0.9885091996618196
1254.0 0.9887204811845655
1255.0 0.9883573461203806
1256.0 0.989371530862816
1257.0 0.9901217091210883
1258.0 0.9906452743219
1259.0 0.991421683492618
1260.0 0.9917712166027983
1261.0 0.9933084766542395
1262.0 0.9937623389358252
1263.0 0.9944091983403708
1264.0 0.9951860008030928
1265.0 0.9961568557480066
1266.0 0.9952002050729408
1267.0 0.9963733474276286
1268.0 0.9964842462320443
1269.0 0.9950952647552919
1270.0 0.9969642479356599
1271.0 0.9970283859681791
1272.0 0.9975307201398355
1273.0 0.9990408661366201
1274.0 0.9980849012006214
1275.0 0.9995909857551276
1276.0 0.9988628256699756
1277.0 1.0000111207505797
1278.0 1.0000553408225203
1279.0 1.0006003117440032
1280.0 1.0006347529293507
1281.0 1.000887217345696
1282.0 1.0012156338972886
1283.0 1.0000152069730597
1284.0 1.0000438968314906
1285.0 1.0017175612160365
1286.0 1.0013357253115451
1287.0 1.0015275881696877
1288.0 1.0022323530342876
1289.0 1.0022759196108622
1290.0 1.0033489443237131
1291.0 1.0030069762181906
1292.0 1.0028248657821517
1293.0 1.0028536445551617
1294.0 1.0022149138439433
1295.0 1.0023063045386187
1296.0 1.0030279066458907
1297.0 1.0024726220273366
1298.0 1.0031467382334776
1299.0 1.0029362086647065
1300.0 1.0033834130417632
1301.0 1.0035181264095512
1302.0 1.0043248112291785
1303.0 1.0038141218013974
1304.0 1.004267574308341
1305.0 1.0033312121661526
1306.0 1.0024979525519513
1307.0 1.00148227911903
1308.0 1.002353079669629
1309.0 1.002041022436804
1310.0 1.0020656853299545
1311.0 1.0021214021729685
1312.0 1.0015533555529603
1313.0 1.0015244900219795
1314.0 1.0009901933713818
1315.0 1.0006196918223798
1316.0 0.9993413659641421
1317.0 0.9995830031874706
1318.0 0.9998276752533222
1319.0 0.999018505849994
1320.0 0.9984934594875406
1321.0 0.9979919859569706
1322.0 0.9972473927233597
1323.0 0.997072848818399
1324.0 0.9970228062061137
1325.0 0.9963725151794748
1326.0 0.9962211257239312
1327.0 0.9965705586334518
1328.0 0.9960807214940949
1329.0 0.9954659825493728
1330.0 0.9959709909827911
1331.0 0.9950919653865953
1332.0 0.9953111173373105
1333.0 0.9946510094965972
1334.0 0.993771338771359
1335.0 0.9939908179601576
1336.0 0.9937601739688511
1337.0 0.992966132527064
1338.0 0.9939942463803881
1339.0 0.994061527414959
1340.0 0.9925048834349428
1341.0 0.9915411025530563
1342.0 0.9909801967801137
1343.0 0.9902738580656552
1344.0 0.9905952506623334
1345.0 0.9899510569527398
1346.0 0.9890230446735641
1347.0 0.988942750030643
1348.0 0.9887780326185983
1349.0 0.9883775632768849
1350.0 0.9874168879413117
1351.0 0.9883502630053689
1352.0 0.9883786614539067
1353.0 0.988412425621776
1354.0 0.9875623092677872
1355.0 0.9879386987952952
1356.0 0.9883781410484551
1357.0 0.988571303956073
1358.0 0.987536335162983
1359.0 0.9882688815002659
1360.0 0.9889756794922212
1361.0 0.9894728560284638
1362.0 0.9897156275803858
1363.0 0.9897811271378464
1364.0 0.9897816151359548
1365.0 0.9915358871859581
1366.0 0.9925455130541312
1367.0 0.9927697909419664
1368.0 0.9934342861641371
1369.0 0.9946385524075992
1370.0 0.9939632358981368
1371.0 0.993002289732699
1372.0 0.9936743995727562
1373.0 0.9937618136719119
1374.0 0.9940027217754936
1375.0 0.9945135249738177
1376.0 0.9939092358406572
1377.0 0.9938256479630827
1378.0 0.994417962650753
1379.0 0.9940635036883714
1380.0 0.9949433449636167
1381.0 0.9947456033231699
1382.0 0.9942284263650913
1383.0 0.9939510639181411
1384.0 0.9934101952072368
1385.0 0.9930861463316462
1386.0 0.9926209181121218
1387.0 0.9926034378826183
1388.0 0.991737543451684
1389.0 0.9915216774298782
1390.0 0.9900154166413762
1391.0 0.9899046412568644
1392.0 0.99000447211823
1393.0 0.9902031437784982
1394.0 0.9896328626392732
1395.0 0.9892299555051192
1396.0 0.9896550336405912
1397.0 0.9894804677702049
1398.0 0.9890194111000294
1399.0 0.9894806146483469
1400.0 0.9901661935360744
1401.0 0.9903101485529567
1402.0 0.9903480878297696
1403.0 0.9915366082948001
1404.0 0.9925504867641566
1405.0 0.9923970797246028
1406.0 0.9919658880986199
1407.0 0.992349787579809
1408.0 0.9923817399295186
1409.0 0.9923825987007381
1410.0 0.9923590148334643
1411.0 0.9927279433371924
1412.0 0.9927459056437903
1413.0 0.9920418101667675
1414.0 0.9920185954509694
1415.0 0.9940172362357097
1416.0 0.9936107164210708
1417.0 0.9935667768275649
1418.0 0.9940330046501071
1419.0 0.9944988154622837
1420.0 0.9956867379794296
1421.0 0.9953810173886177
1422.0 0.9965408648350109
1423.0 0.9963548362671675
1424.0 0.9970329650242744
1425.0 0.9973963223725424
1426.0 0.9963715321985384
1427.0 0.996774263037304
1428.0 0.9961591360988036
1429.0 0.9965343601188014
1430.0 0.9973534906710192
1431.0 0.9983327887709681
1432.0 0.9973360831446336
1433.0 0.9976294786065057
1434.0 0.9981988540921622
1435.0 0.998900061892645
1436.0 0.9988062586392538
1437.0 0.9984396483791911
1438.0 0.9979136699612903
1439.0 0.9978925777316416
1440.0 0.9985873118560902
1441.0 0.9982029239605786
1442.0 0.9978146529344426
1443.0 0.9987287922753589
1444.0 0.9990359999020209
1445.0 0.9985879619819931
1446.0 0.9981985730160101
1447.0 0.9977611994346082
1448.0 0.9984413228268944
1449.0 0.9983567133923456
1450.0 0.9983432622591991
1451.0 0.9990406088931653
1452.0 1.0005615526405236
1453.0 1.0011529988113472
1454.0 1.0016732128329844
1455.0 1.002124139480614
1456.0 1.0016055583282248
1457.0 1.001176739169261
1458.0 1.0024529246290952
1459.0 1.0011732984691326
1460.0 1.0012112005993568
1461.0 1.000408127281645
1462.0 1.000246111913334
1463.0 0.9993472130499521
1464.0 0.999331452680669
1465.0 1.0002353535911213
1466.0 0.9999579212164893
1467.0 1.000222879111306
1468.0 1.0005387454677284
1469.0 1.0005012041831116
1470.0 0.9964932355927383
1471.0 0.9924334264910739
1472.0 0.9924368129479131
1473.0 0.9957825195603606
1474.0 0.9989861563792808
1475.0 1.0013239232667421
1476.0 1.003097583822089
1477.0 1.0048251962965113
1478.0 1.002868628892194
1479.0 1.0025431443344441
1480.0 1.0014021966808717
1481.0 1.0008485472766775
1482.0 1.001109468502439
1483.0 0.9998417507475421
1484.0 0.9997454960500297
1485.0 1.000229188311613
1486.0 1.0006000368436925
1487.0 1.0004635114452376
1488.0 0.9999596478889043
1489.0 0.9993002113912353
1490.0 1.000665103665
1491.0 1.0007846641760443
1492.0 0.9998983197503709
1493.0 0.9990718069510249
1494.0 0.9986784206892135
1495.0 0.9987428280153097
1496.0 0.9987741452498333
1497.0 0.9990117528821713
1498.0 0.9991550861870947
1499.0 0.9984414968770033
1500.0 0.9982537087966985
1501.0 0.997546183894979
1502.0 0.9962965097994118
1503.0 0.9969316686535917
1504.0 0.9968060322891086
1505.0 0.9966416334549669
1506.0 0.9964003934616725
1507.0 0.9958537547171868
1508.0 0.9954664571770085
1509.0 0.9962709468643994
1510.0 0.9956843434778612
1511.0 0.9951880702615311
1512.0 0.9951529722656088
1513.0 0.995909430273331
1514.0 0.9968926515176401
1515.0 0.9965738006701415
1516.0 0.9954664241311229
1517.0 0.9963101640845087
1518.0 0.9962375316825138
1519.0 0.9959219578317541
1520.0 0.9963684034417236
1521.0 0.9967251413404181
1522.0 0.9969996190206506
1523.0 0.9975139707409607
1524.0 0.9966228222985501
1525.0 0.9970559168384547
1526.0 0.9985198140787553
1527.0 0.9989567688353018
1528.0 0.9989711161399731
1529.0 0.9992935996039053
1530.0 0.9993100735424415
1531.0 0.998098771415176
1532.0 0.9978587625449634
1533.0 0.9982730533963751
1534.0 0.9993993235557261
1535.0 1.0002248042714235
1536.0 0.9995971512566139
1537.0 0.9987680303945033
1538.0 0.9991840618373715
1539.0 0.9996311616252773
1540.0 0.9991628665188037
1541.0 0.9987128756663294
1542.0 0.998910892228599
1543.0 0.9991746499370252
1544.0 0.9989502621229478
1545.0 0.9978828290846018
1546.0 0.9985831533176854
1547.0 0.9983716380928264
1548.0 0.9982159522090048
1549.0 0.997295981808502
1550.0 0.9971156754462918
1551.0 0.9965837951204346
1552.0 0.9973727460562931
1553.0 0.997099069902938
1554.0 0.997797601264232
1555.0 0.9968450387235843
1556.0 0.995711300244343
1557.0 0.9958385853516356
1558.0 0.9954857234512065
1559.0 0.9948107038421574
1560.0 0.9947022361508707
1561.0 0.994024290824056
1562.0 0.994188388733445
1563.0 0.9938509544378551
1564.0 0.9938784900563786
1565.0 0.9942610342073457
1566.0 0.9939374229447433
1567.0 0.9941613588586701
1568.0 0.9955089472036243
1569.0 0.9965204501980516
1570.0 0.9962113249868874
1571.0 0.9969698533453338
1572.0 0.9980984043124117
1573.0 0.9979228778895619
1574.0 0.9993211641694862
1575.0 1.0013809970363108
1576.0 1.0026000737554888
1577.0 1.0039888804055173
1578.0 1.0060022073025696
1579.0 1.0074209442043491
1580.0 1.0088805179315898
1581.0 1.0095213984296691
1582.0 1.0098890211744884
1583.0 1.0114853064855505
1584.0 1.0123369595975014
1585.0 1.012576036725214
1586.0 1.013440600550124
1587.0 1.0148702667537488
1588.0 1.0167752396199838
1589.0 1.01647315349401
1590.0 1.0178719043899098
1591.0 1.0182096116517194
1592.0 1.0188273191092947
1593.0 1.01905543678609
1594.0 1.0190079726115175
1595.0 1.0184045440019396
1596.0 1.017235609084766
1597.0 1.0165741990262538
1598.0 1.0158081205701854
1599.0 1.0156615607577872
1600.0 1.0152373205908312
1601.0 1.014771193149232
1602.0 1.0138288863539988
1603.0 1.0135046661727747
1604.0 1.0138724406165358
1605.0 1.012744382954566
1606.0 1.0118557766668983
1607.0 1.011457584719638
1608.0 1.0111655524407728
1609.0 1.010667919574618
1610.0 1.010114305750817
1611.0 1.008926312978574
1612.0 1.0091431130267443
1613.0 1.0089900706672084
1614.0 1.0087530269180314
1615.0 1.0096112953139111
1616.0 1.0095813283186588
1617.0 1.0097611420820074
1618.0 1.0100230376230872
1619.0 1.009270242097573
1620.0 1.009093367967116
1621.0 1.0099405582213137
1622.0 1.0097231310610157
1623.0 1.0102952806049645
1624.0 1.0093627443629787
1625.0 1.009748933334563
1626.0 1.009590198979088
1627.0 1.0101836056646993
1628.0 1.0099333556918926
1629.0 1.0099570537297253
1630.0 1.010022247644226
1631.0 1.0098157682491558
1632.0 1.0102302268840098
1633.0 1.0108526437498828
1634.0 1.0107404959668804
1635.0 1.0111103310174727
1636.0 1.011020452396755
1637.0 1.0113672931701079
1638.0 1.0115326351831413
1639.0 1.0114931356206267
1640.0 1.0111782956171091
1641.0 1.0100177045400962
1642.0 1.0097120721929986
1643.0 1.0096591921890923
1644.0 1.0083725583657708
1645.0 1.0067233679516003
1646.0 1.0064524913915747
1647.0 1.0057098300076412
1648.0 1.0058522081456314
1649.0 1.0053287013426837
1650.0 1.0038499156850094
1651.0 1.0036433171206987
1652.0 1.0039456553070694
1653.0 1.0033079781351941
1654.0 1.002912847987523
1655.0 1.0028163104089076
1656.0 1.0030452459088188
1657.0 1.0031582190033872
1658.0 1.0018854781046023
1659.0 1.001736535082154
1660.0 1.0021995166524016
1661.0 1.0020111301935806
1662.0 1.0012563335532039
1663.0 1.0019882504899094
1664.0 1.0018427033957642
1665.0 1.001979379789932
1666.0 1.0016857240496633
1667.0 1.0008582964480643
1668.0 1.0014379745368591
1669.0 1.0015955064471143
1670.0 1.001827776738943
1671.0 1.0014323670926881
1672.0 1.0020687643156205
1673.0 1.0017138842336277
1674.0 1.0016045345548987
1675.0 1.003930947688344
1676.0 1.00400241000786
1677.0 1.0034289857665037
1678.0 1.0034568005652293
1679.0 1.0029909788526892
1680.0 1.0029633719030397
1681.0 1.0034295095888348
1682.0 1.0039317938027967
1683.0 1.0034911555537527
1684.0 1.0035210871809057
1685.0 1.0045059522599673
1686.0 1.004875345816903
1687.0 1.0046745167772213
1688.0 1.0053200450347908
1689.0 1.005556181915667
1690.0 1.0049424018128705
1691.0 1.0055561456110336
1692.0 1.0064970473641386
1693.0 1.006763138316731
1694.0 1.0064193925547018
1695.0 1.0070788334852712
1696.0 1.0068212972734198
1697.0 1.0077069361127398
1698.0 1.0078621476109824
1699.0 1.0082702548509066
1700.0 1.0097590293585879
1701.0 1.0100771731282718
1702.0 1.0098048217027737
1703.0 1.01075159001055
1704.0 1.0118395012761139
1705.0 1.01273545247226
1706.0 1.0134162215059
1707.0 1.0136255063986237
1708.0 1.0144196994056318
1709.0 1.014670398258352
1710.0 1.0155165873936214
1711.0 1.0156277716726323
1712.0 1.0164974822697914
1713.0 1.0179060596345275
1714.0 1.019367359785054
1715.0 1.0195281772759281
1716.0 1.0199009709486624
1717.0 1.022078089746986
1718.0 1.0228633999156809
1719.0 1.0232361270336345
1720.0 1.0248707111986566
1721.0 1.0251853055152889
1722.0 1.0257835625609506
1723.0 1.0266927895554419
1724.0 1.0269918966313816
1725.0 1.0276883513287902
1726.0 1.0282247293169209
1727.0 1.0289471993865416
1728.0 1.0303464353950926
1729.0 1.0302982095169735
1730.0 1.0314539524060033
1731.0 1.032435330192416
1732.0 1.0335784310855753
1733.0 1.0338163971395613
1734.0 1.0350202332994616
1735.0 1.0351632958741932
1736.0 1.036020140178255
1737.0 1.0377686015255505
1738.0 1.039328016260879
1739.0 1.0404709185668495
1740.0 1.0419131485627395
1741.0 1.043202346616529
1742.0 1.0446449860127718
1743.0 1.046337264555673
1744.0 1.0471083618316754
1745.0 1.0491099328921736
1746.0 1.0496335661693181
1747.0 1.0511508245117203
1748.0 1.052881512527026
1749.0 1.053940307103201
1750.0 1.0536746554159724
1751.0 1.0553678154337165
1752.0 1.0556550153592932
1753.0 1.056128880445434
1754.0 1.0559065398749135
1755.0 1.0564548520606531
1756.0 1.056632808322384
1757.0 1.0557888471512353
1758.0 1.0559804688142045
1759.0 1.0564072397753197
1760.0 1.057587260692011
1761.0 1.0572299270618233
1762.0 1.0576043215149824
1763.0 1.0585319536673239
1764.0 1.0572127039655408
1765.0 1.0567884462341428
1766.0 1.0560254624352887
1767.0 1.0560745463767334
1768.0 1.0538146361491536
1769.0 1.0526853247479764
1770.0 1.0518933001446822
1771.0 1.0506464869054977
1772.0 1.0499154855141328
1773.0 1.0503908612662316
1774.0 1.0501978503483056
1775.0 1.0497977430506926
1776.0 1.0491701235310833
1777.0 1.0480161999677264
1778.0 1.047294645588907
1779.0 1.0469626773274097
1780.0 1.0465367889527761
1781.0 1.0466097034037742
1782.0 1.0466854145981082
1783.0 1.0452946296836165
1784.0 1.0457592101877977
1785.0 1.044847342202556
1786.0 1.0432372952098732
1787.0 1.0431541836018874
1788.0 1.0425121753863633
1789.0 1.041128344568266
1790.0 1.039675865092435
1791.0 1.0396540860531922
1792.0 1.038727076454465
1793.0 1.037640254898668
1794.0 1.036635437983148
1795.0 1.0340409205133059
1796.0 1.0327727482728446
1797.0 1.0326426622012943
1798.0 1.0306440919380966
1799.0 1.0287864263757052
1800.0 1.0279469422627638
1801.0 1.0266965027259833
1802.0 1.025324304848657
1803.0 1.0226345711307687
1804.0 1.0215760286526816
1805.0 1.020055907548822
1806.0 1.0175897208314149
1807.0 1.0155540174070172
1808.0 1.0134798009746067
1809.0 1.0118878205674267
1810.0 1.0099292587166546
1811.0 1.0074673373520433
1812.0 1.0061356677361306
1813.0 1.004345306335027
1814.0 1.003463174235492
1815.0 1.0022438436513557
1816.0 0.9996641304146917
1817.0 0.9979079482590418
1818.0 0.9962082340013164
1819.0 0.9945976014412738
1820.0 0.9931412408106587
1821.0 0.9926527183347849
1822.0 0.9904894803721408
1823.0 0.9888136302974404
1824.0 0.9882548814793216
1825.0 0.9865101403116099
1826.0 0.9843838555657426
1827.0 0.9831706587134443
1828.0 0.9822612715937764
1829.0 0.9800345142359003
1830.0 0.9800199880304669
1831.0 0.978157801752032
1832.0 0.9767122165064289
1833.0 0.9760868065793381
1834.0 0.9762790331368203
1835.0 0.9754148621398901
1836.0 0.9749638555620419
1837.0 0.975421867491758
1838.0 0.9747617187186994
1839.0 0.9752764041456989
1840.0 0.9752575570391949
1841.0 0.9753055622460952
1842.0 0.976113654379666
1843.0 0.9771248095882862
1844.0 0.9760659974016629
1845.0 0.9764239193059882
1846.0 0.9763777143292349
1847.0 0.976894821756427
1848.0 0.9770436356190116
1849.0 0.9767781128081513
1850.0 0.9776354447578075
1851.0 0.9766620384984765
1852.0 0.9771527430068997
1853.0 0.9778049729209574
1854.0 0.9775437774264606
1855.0 0.9782992054587425
1856.0 0.977771101201016
1857.0 0.9774116951028488
1858.0 0.9777614534038558
1859.0 0.9773967647319984
1860.0 0.9781560250338949
1861.0 0.9777536708409004
1862.0 0.9799195750812321
1863.0 0.9797120463713301
1864.0 0.9799357084428901
1865.0 0.9809988171459882
1866.0 0.9816900612976883
1867.0 0.9816418465051481
1868.0 0.9813503960957582
1869.0 0.9821493802456752
1870.0 0.9828831834649296
1871.0 0.9828248539357194
1872.0 0.9833929991190918
1873.0 0.9843551582896747
1874.0 0.9851340004157837
1875.0 0.9847075334366114
1876.0 0.9865763092571345
1877.0 0.9866343547885588
1878.0 0.9872339578051493
1879.0 0.9871202006028771
1880.0 0.9867051745077009
1881.0 0.9873379270713181
1882.0 0.9864928749957422
1883.0 0.9873364680177465
1884.0 0.9875840344583058
1885.0 0.9874296814279374
1886.0 0.9871004421969763
1887.0 0.9868014504572473
1888.0 0.9876989826958128
1889.0 0.9869282152204625
1890.0 0.9869923355559983
1891.0 0.9872829820174331
1892.0 0.9870957653606772
1893.0 0.9863166025899369
1894.0 0.9872201432325411
1895.0 0.9867116420389096
1896.0 0.9877113940919736
1897.0 0.9879226223566444
1898.0 0.9876405393975709
1899.0 0.9874688857897729
1900.0 0.986628829205964
1901.0 0.9855273205378979
1902.0 0.9859959499003074
1903.0 0.98546601002162
1904.0 0.985273152021546
1905.0 0.9836597069761
1906.0 0.9836008609814947
1907.0 0.9838121182504869
1908.0 0.9838201904302211
1909.0 0.9835181032558857
1910.0 0.9830259660107802
1911.0 0.9833859020439092
1912.0 0.9832698664605358
1913.0 0.9835880586001465
1914.0 0.9837907581311862
1915.0 0.9839364619794192
1916.0 0.9844358100140715
1917.0 0.9839586598658077
1918.0 0.9837107061665399
1919.0 0.9833638288277327
1920.0 0.9831996879848186
1921.0 0.9818300885867179
1922.0 0.9812516060263738
1923.0 0.9808331238583751
1924.0 0.9814301341901956
1925.0 0.9800477257458203
1926.0 0.9801119542156121
1927.0 0.9800864306840508
1928.0 0.9808263466617326
1929.0 0.9805277254909281
1930.0 0.9807236140115705
1931.0 0.9803248822430672
1932.0 0.9806020091298796
1933.0 0.9807234632448116
1934.0 0.9800844460059406
1935.0 0.9803351348983612
1936.0 0.9794728291788806
1937.0 0.9792864930806309
1938.0 0.9793349074277607
1939.0 0.9796227713240655
1940.0 0.9801448868866574
1941.0 0.979998969582846
1942.0 0.9797234185425779
1943.0 0.9791180330787654
1944.0 0.9795728870214736
1945.0 0.9805060096434904
1946.0 0.9798313269954493
1947.0 0.9791274667059918
1948.0 0.9797891163498696
1949.0 0.9787401332323189
1950.0 0.9788351622893117
1951.0 0.9784741548472962
1952.0 0.9791241298071273
1953.0 0.9791243695997914
1954.0 0.9799365841787525
1955.0 0.980492147270335
1956.0 0.9810867053514678
1957.0 0.9807147553079117
1958.0 0.9818084173204743
1959.0 0.9817594962233361
1960.0 0.9811173145714335
1961.0 0.9814672251070892
1962.0 0.9803793977796889
1963.0 0.9800512258937231
1964.0 0.9793278220051825
1965.0 0.9792802922727954
1966.0 0.9793982375880935
1967.0 0.9795214357582448
1968.0 0.9786667019350492
1969.0 0.9796286178444196
1970.0 0.9784343043332299
1971.0 0.9785689295944766
1972.0 0.9789087917962409
1973.0 0.9790267132789631
1974.0 0.9787269515809153
1975.0 0.9793001217517621
1976.0 0.9787266765649436
1977.0 0.9782786013255531
1978.0 0.978238116917816
1979.0 0.9787511812882556
1980.0 0.9791441829598994
1981.0 0.9789188288883999
1982.0 0.9788641641599939
1983.0 0.9798386048013092
1984.0 0.9801892508326862
1985.0 0.9805433132688578
1986.0 0.9796145160658882
1987.0 0.9809047767235298
1988.0 0.9824654174848122
1989.0 0.9830471136024748
1990.0 0.9828668717023391
1991.0 0.9832709871340465
1992.0 0.9822727847881839
1993.0 0.9823928098639565
1994.0 0.983056753867
1995.0 0.9828675563351027
1996.0 0.983282600124015
1997.0 0.9833179939309605
1998.0 0.9848042227121973
1999.0 0.985091799545471
2000.0 0.9857205173929449
2001.0 0.9862813250861764
2002.0 0.9857723173831286
2003.0 0.9859606803067963
2004.0 0.9862279628944306
2005.0 0.9859737869002386
2006.0 0.985356704527499
2007.0 0.9853658058251447
2008.0 0.986049471425294
2009.0 0.9867350704851039
2010.0 0.9865595453250212
2011.0 0.985652790141185
2012.0 0.9859632033209231
2013.0 0.9857924506907447
2014.0 0.9854563910212477
2015.0 0.9859942888803254
2016.0 0.987141604861476
2017.0 0.9877609382256504
2018.0 0.9875804190056576
2019.0 0.9880182106276526
2020.0 0.9886550167814796
2021.0 0.9884482038929873
2022.0 0.9883801181346543
2023.0 0.9884721519709961
2024.0 0.9870960415895662
2025.0 0.9865453085826431
2026.0 0.9863566626426319
2027.0 0.9849339999424322
2028.0 0.9837256542371838
2029.0 0.9832718691209095
2030.0 0.9835152630271637
2031.0 0.9830447200284032
2032.0 0.9833621222068603
2033.0 0.9822644793528995
2034.0 0.9819195581755596
2035.0 0.9828212952775621
2036.0 0.9839768667070282
2037.0 0.9827064519996115
2038.0 0.9823530994753127
2039.0 0.9833396911026487
2040.0 0.9844030556717484
2041.0 0.9839066523391768
2042.0 0.9842229311271545
2043.0 0.9842199902519448
2044.0 0.9858957032416698
2045.0 0.9864597373615727
2046.0 0.9858698697249934
2047.0 0.9863368748019646
2048.0 0.9862767129628429
2049.0 0.9871071289647247
2050.0 0.9865359430656927
2051.0 0.9871434545382648
2052.0 0.9883201674811601
2053.0 0.9883201924205289
2054.0 0.989042389986788
2055.0 0.9897821032799057
2056.0 0.9895131153189207
2057.0 0.9911807026900903
2058.0 0.9911340647044637
2059.0 0.9910703284917743
2060.0 0.9906221341817861
2061.0 0.9901863079070194
2062.0 0.9896669246251089
2063.0 0.9893978102461021
2064.0 0.9898353654211728
2065.0 0.991914792873493
2066.0 0.9980261540935128
2067.0 0.992888407606966
2068.0 0.9921614234719973
2069.0 0.993706089219686
2070.0 0.9960267422012526
2071.0 0.9918372947339901
2072.0 0.9905804594186278
2073.0 0.9905513637067067
2074.0 0.989195189448923
2075.0 0.9894381855880583
2076.0 0.9899241454599848
2077.0 0.9900889416257393
2078.0 0.990058146288225
2079.0 0.990088979487132
2080.0 0.9901279582531043
2081.0 0.9904503899181418
2082.0 0.9904445493414528
2083.0 0.9908037730001106
2084.0 0.9901693065585266
2085.0 0.9897210186744435
2086.0 0.990061905002952
2087.0 0.990870028255503
2088.0 0.9919592580139968
2089.0 0.9931191926380454
2090.0 0.9942325243118707
2091.0 0.9948221400095597
2092.0 0.9945769797908731
2093.0 0.9947783552083369
2094.0 0.9945424405052794
2095.0 0.9948736820211084
2096.0 0.9950130128628578
2097.0 0.9956362428051246
2098.0 0.997019695817865
2099.0 0.9970819808501235
2100.0 0.9981978604355032
2101.0 0.9987059675439597
2102.0 0.998354373738881
2103.0 0.9990643001278722
2104.0 0.9987321239786129
2105.0 0.9988257173711187
2106.0 0.9995406077636484
2107.0 0.9989768100128822
2108.0 0.998786052804853
2109.0 0.9999664019134858
2110.0 1.0001597153258153
2111.0 0.9990616946201532
2112.0 0.998129098835319
2113.0 0.998472003723584
2114.0 0.9981763821674001
2115.0 0.9979676344426369
2116.0 0.9980195163197184
2117.0 0.9980231607388489
2118.0 0.9972204717882184
2119.0 0.9975103073263618
2120.0 0.9977602202509349
2121.0 0.9969429360532887
2122.0 0.9967267025867574
2123.0 0.998283667975122
2124.0 0.9984511224034981
2125.0 0.9983270887644625
2126.0 0.9986958054351661
2127.0 0.9988090147378523
2128.0 0.998806192769656
2129.0 0.9993625702656272
2130.0 0.9982172792787274
2131.0 0.9983682371108427
2132.0 0.9992209882923527
2133.0 1.0012411158731918
2134.0 1.001747559768743
2135.0 1.0030736857972704
2136.0 1.0052997958086143
2137.0 1.0082152514354408
2138.0 1.0102012929593056
2139.0 1.0113458033470222
2140.0 1.013118091521727
2141.0 1.0149452369294578
2142.0 1.0154964570300602
2143.0 1.0166820459101489
2144.0 1.0172812444759614
2145.0 1.0168146098351665
2146.0 1.0187829528713603
2147.0 1.0193350917085306
2148.0 1.0205270189709486
2149.0 1.021617961949707
2150.0 1.021770708447855
2151.0 1.0222144690269888
2152.0 1.0231917885619266
2153.0 1.022704113115532
2154.0 1.023155208417639
2155.0 1.023469080370253
2156.0 1.0302692608082513
2157.0 1.024911880118291
2158.0 1.024841751438701
2159.0 1.0201440561038395
2160.0 1.0222807935641989
2161.0 1.015469741622468
2162.0 1.0131764245196047
2163.0 1.011692401476612
2164.0 1.0099611708369567
2165.0 1.0094591568137188
2166.0 1.0083821457049618
2167.0 1.007106481276625
2168.0 1.005878047598213
2169.0 1.0051522910695005
2170.0 1.0035274512071668
2171.0 1.0041272825628798
2172.0 1.0034855840062227
2173.0 1.004228336369025
2174.0 1.0090778486790106
2175.0 1.0070041728660382
2176.0 1.0064713044342628
2177.0 1.0007713242506258
2178.0 0.9986709570308615
2179.0 0.9972938745175195
2180.0 0.9964079277700929
2181.0 0.9947055224540317
2182.0 0.9939099851805736
2183.0 0.9924034573335306
2184.0 0.9925141756965848
2185.0 0.9911892818735014
2186.0 0.990444536736439
2187.0 0.9899012870459664
2188.0 0.9892640563107709
2189.0 0.9895887069620959
2190.0 0.9891237435170057
2191.0 0.9881551079824237
2192.0 0.9871194665246341
2193.0 0.9877909198856089
2194.0 0.9873403262635442
2195.0 0.9863370539909483
2196.0 0.9863672237022886
2197.0 0.9867183259680485
2198.0 0.9865360557563005
2199.0 0.985880911465491
2200.0 0.9859121330312265
2201.0 0.9851192691134841
2202.0 0.9858670433630091
2203.0 0.9854062224521942
2204.0 0.9848520350581356
2205.0 0.9841017857874946
2206.0 0.9827375876194396
2207.0 0.9826044984257623
2208.0 0.9831948097015945
2209.0 0.9830169668108472
2210.0 0.9829613630365871
2211.0 0.9830935304448601
2212.0 0.982653189109816
2213.0 0.9822920618056247
2214.0 0.9831793855802324
2215.0 0.9844503772033861
2216.0 0.9829739612624644
2217.0 0.9819418355329678
2218.0 0.9817892926262277
2219.0 0.9824598806231327
2220.0 0.9819881239828204
2221.0 0.9808191809862905
2222.0 0.9792748861409966
2223.0 0.9785284112998157
2224.0 0.9794080488034053
2225.0 0.9779289493569834
2226.0 0.9776159733230986
2227.0 0.9772596787917227
2228.0 0.9779061668075517
2229.0 0.9768329194044123
2230.0 0.9774684760206181
2231.0 0.9778266108309737
2232.0 0.9787783593704421
2233.0 0.978153576951036
2234.0 0.9791070191996202
2235.0 0.9794488459188546
2236.0 0.9812144187837922
2237.0 0.9810671540147695
2238.0 0.9813346769036286
2239.0 0.9817062003746176
2240.0 0.9842372736011437
2241.0 0.985634286120435
2242.0 0.9862569526320627
2243.0 0.9860052732489366
2244.0 0.9871092938831941
2245.0 0.9863077932702763
2246.0 0.9872396011915946
2247.0 0.9871094470588752
2248.0 0.9873725682832815
2249.0 0.9879043616347742
2250.0 0.9892180897505374
2251.0 0.9906599646247068
2252.0 0.9919389108205776
2253.0 0.9930498447899083
2254.0 0.9927287296679058
2255.0 0.9928207332415404
2256.0 0.9935743055848026
2257.0 0.9936320888320569
2258.0 0.9950239453997368
2259.0 0.9955348211507761
2260.0 0.996153374233412
2261.0 0.9963180622642575
2262.0 0.9971059216614185
2263.0 0.9979545467055709
2264.0 0.9992043887221409
2265.0 1.0005894510047377
2266.0 1.000496494687217
2267.0 1.0008017227749673
2268.0 0.9986627035431825
2269.0 0.997709466620366
2270.0 0.9983003062454588
2271.0 0.9973352484384803
2272.0 0.9964218924822739
2273.0 0.9958147431518669
2274.0 0.996118733903099
2275.0 0.9955137634837262
2276.0 0.9954542297332635
2277.0 0.9943644015158214
2278.0 0.9957652077600652
2279.0 0.9961819742607704
2280.0 0.9974962650155766
2281.0 0.9990326273373136
2282.0 0.9998338813148995
2283.0 0.9995420638490191
2284.0 1.0011128273579661
2285.0 1.0023028285454827
2286.0 1.003666374369658
2287.0 1.005526949763203
2288.0 1.0065143862831216
2289.0 1.0076602109704877
2290.0 1.0086244511177938
2291.0 1.0091397653345207
2292.0 1.008915326267366
2293.0 1.0100857797472822
2294.0 1.0110138288721893
2295.0 1.011217463646728
2296.0 1.0115996536856962
2297.0 1.012270596041785
2298.0 1.0127954586882557
2299.0 1.014156635526776
2300.0 1.0139499737822988
2301.0 1.014242509074637
2302.0 1.0142606566088763
2303.0 1.0147484770125648
2304.0 1.0143272302278095
2305.0 1.0140286731844654
2306.0 1.0143020438466355
2307.0 1.0124135607674152
2308.0 1.012626795572387
2309.0 1.012569046833795
2310.0 1.0127874201390115
2311.0 1.0123057715713355
2312.0 1.0134293093827909
2313.0 1.012666448587874
2314.0 1.0126014171611273
2315.0 1.0115298205062548
2316.0 1.0106429884983252
2317.0 1.0110952038215448
2318.0 1.0097847927984
2319.0 1.0093525252010878
2320.0 1.0097245971263904
2321.0 1.0089705041623607
2322.0 1.0079843020985628
2323.0 1.0076749004786334
2324.0 1.007672495683187
2325.0 1.0068140636259824
2326.0 1.0074269504022602
2327.0 1.0079323856448088
2328.0 1.0078314509041588
2329.0 1.0082408952227382
2330.0 1.0089870286906575
2331.0 1.0080377711321489
2332.0 1.0080924207122928
2333.0 1.0079637253720466
2334.0 1.0082560970185976
2335.0 1.008073301455351
2336.0 1.0072530850629755
2337.0 1.0064968867890385
2338.0 1.0057295581030863
2339.0 1.006475860466988
2340.0 1.005976991510842
2341.0 1.0053375228433297
2342.0 1.0056366926679627
2343.0 1.005724660199722
2344.0 1.0056220517674472
2345.0 1.0047024324357527
2346.0 1.0053993325778483
2347.0 1.0063854129723169
2348.0 1.0063811143511576
2349.0 1.005650464446062
2350.0 1.0058237136628676
2351.0 1.0054316988305363
2352.0 1.0055223155079924
2353.0 1.0060529987404578
2354.0 1.0062967642136733
2355.0 1.0069160411432396
2356.0 1.0068915951479893
2357.0 1.006750601865807
2358.0 1.0071646415810256
2359.0 1.0066946576546119
2360.0 1.0073690407851206
2361.0 1.0074120950680405
2362.0 1.0076687722290305
2363.0 1.007369491450155
2364.0 1.0068094001922288
2365.0 1.0069965020542684
2366.0 1.006757403620924
2367.0 1.005967955586314
2368.0 1.0059316048563696
2369.0 1.004839238323544
2370.0 1.0047411962672164
2371.0 1.0039127485425066
2372.0 1.0034002831742166
2373.0 1.0037308617209308
2374.0 1.003713419957039
2375.0 1.0031475685037028
2376.0 1.0027479971129656
2377.0 1.0018585145317243
2378.0 1.0012964895629437
2379.0 1.0015219363465424
2380.0 1.0005946624686257
2381.0 1.0008261409711328
2382.0 1.0004953589177634
2383.0 0.9997321490007313
2384.0 0.9987192374416393
2385.0 0.9986383467653358
2386.0 0.997654935178373
2387.0 0.9959246309834408
2388.0 0.9964573411453698
2389.0 0.994143772544007
2390.0 0.9928579194331186
2391.0 0.9929464062187062
2392.0 0.9936011747878769
2393.0 0.9926177772598618
2394.0 0.9916683737895711
2395.0 0.991267580823678
2396.0 0.9914211277477842
2397.0 0.9900757154936783
2398.0 0.989488894365528
2399.0 0.9891895812936642
2400.0 0.9889738358538224
2401.0 0.9875203477908189
2402.0 0.9862353101652882
2403.0 0.9856474874267919
2404.0 0.9852112040320041
2405.0 0.983545881684905
2406.0 0.9829599209484132
2407.0 0.9825837764961612
2408.0 0.9806795856543103
2409.0 0.9798416306052868
2410.0 0.9796398116828343
2411.0 0.9788891814056249
2412.0 0.9784626745499285
2413.0 0.9789101994601301
2414.0 0.978184682413877
2415.0 0.9786489427940372
2416.0 0.9781138327762684
2417.0 0.978689448320481
2418.0 0.9786740575605392
2419.0 0.9779950204233343
2420.0 0.9777276604212176
2421.0 0.9774859611854393
2422.0 0.9770941282635701
2423.0 0.9765849483340815
2424.0 0.9758827772723946
2425.0 0.9753935914138889
2426.0 0.9751201965549713
2427.0 0.9755488059922741
2428.0 0.9747117270939294
2429.0 0.9744511690186298
2430.0 0.9740866917970223
2431.0 0.9735727336441017
2432.0 0.973070258829173
2433.0 0.9731420842143818
2434.0 0.9723205973669532
2435.0 0.9727643145402886
2436.0 0.9715940339966735
2437.0 0.9715569797352203
2438.0 0.9712405505845481
2439.0 0.9703434345393357
2440.0 0.9703282378536743
2441.0 0.9696760265961691
2442.0 0.9687792567660203
2443.0 0.968060175701588
2444.0 0.9673673884855035
2445.0 0.9671822549593405
2446.0 0.9674508239490451
2447.0 0.9676018219037529
2448.0 0.9660132709877162
2449.0 0.9668661627556936
2450.0 0.9663093844392493
2451.0 0.966030513592607
2452.0 0.9669641600501293
2453.0 0.9660310781126997
2454.0 0.9663462811409838
2455.0 0.9678310395160291
2456.0 0.9684016871555436
2457.0 0.9690207512777615
2458.0 0.9695233159493563
2459.0 0.969913177901206
2460.0 0.9706130457284046
2461.0 0.97058500121937
2462.0 0.9712333048805585
2463.0 0.9720784482946546
2464.0 0.9726863377132592
2465.0 0.9726688896064528
2466.0 0.9733334381649323
2467.0 0.9741498665591463
2468.0 0.974564585456416
2469.0 0.9753026049762733
2470.0 0.9759484943614234
2471.0 0.9771317164618747
2472.0 0.97730729674918
2473.0 0.9779944385895857
2474.0 0.9790461466525137
2475.0 0.9796986273691921
2476.0 0.9807106034895605
2477.0 0.9816460706316823
2478.0 0.9830657767606309
2479.0 0.9836832278912988
2480.0 0.9850163659148908
2481.0 0.9864932508391805
2482.0 0.986827990976577
2483.0 0.9882558782196947
2484.0 0.9886343757342092
2485.0 0.9893257693476605
2486.0 0.9906029205203518
2487.0 0.9917300580542676
2488.0 0.992767265107437
2489.0 0.9931625053037264
2490.0 0.9938812808171992
2491.0 0.9934673889633646
2492.0 0.9948225748902962
2493.0 0.996171421398733
2494.0 0.9961517547758776
2495.0 0.9967239583111068
2496.0 0.9981655149568379
2497.0 0.9980323271703513
2498.0 0.9990075311011409
2499.0 0.9988686071586154
2500.0 0.9989898149770515
2501.0 1.0006444248084798
2502.0 0.9999976216850653
2503.0 0.9978163365003685
2504.0 0.9970380224907577
2505.0 0.9974083549216551
2506.0 0.9974405012825656
2507.0 0.9973920317174244
2508.0 0.9974759376385747
2509.0 0.9959471983817931
2510.0 0.9964026856723261
2511.0 0.9971672554527594
2512.0 0.9965272879684789
2513.0 0.9966061197565018
2514.0 0.9966089215992852
2515.0 0.9966821865423682
2516.0 0.9960114102926083
2517.0 0.9953542817138108
2518.0 0.9932858407096621
2519.0 0.9928569316527418
2520.0 0.9938829354657741
2521.0 0.9931971141708767
2522.0 0.992387661304247
2523.0 0.9907704203372772
2524.0 0.9913534647236392
2525.0 0.991077898487737
2526.0 0.990812885001434
2527.0 0.9910866528342663
2528.0 0.9910340939545743
2529.0 0.9909568290642358
2530.0 0.98915549170276
2531.0 0.9871513087829441
2532.0 0.9863216022981642
2533.0 0.9859464894786748
2534.0 0.9849830984108754
2535.0 0.9858992548021189
2536.0 0.985629220051582
2537.0 0.9839933708901212
2538.0 0.9833922307390767
2539.0 0.9840826212364421
2540.0 0.9843561270823682
2541.0 0.9838874915056492
2542.0 0.9832511804025973
2543.0 0.9826812650247758
2544.0 0.9827191610964764
2545.0 0.9834215353202576
2546.0 0.9823890045428995
2547.0 0.9823161689401351
2548.0 0.9822499445391051
2549.0 0.9831483665319065
2550.0 0.9839545379821888
2551.0 0.9856877191972337
2552.0 0.9855987898327144
2553.0 0.9844069781125655
2554.0 0.9850796319017855
2555.0 0.9863194688752133
2556.0 0.9863168529496112
2557.0 0.9872154332192424
2558.0 0.9889050682240286
2559.0 0.9901413284823385
2560.0 0.9905928690426394
2561.0 0.9907510578920159
2562.0 0.9916772420947093
2563.0 0.9906928693965723
2564.0 0.9907436494572759
2565.0 0.9909101055023312
2566.0 0.9910594199672444
2567.0 0.9916628932923951
2568.0 0.9922872904827277
2569.0 0.9931089942157567
2570.0 0.9935392639253188
2571.0 0.9959383456798305
2572.0 0.9969178194232919
2573.0 0.9991338510364288
2574.0 1.000395598157504
2575.0 1.001302216458269
2576.0 1.0019148048300073
2577.0 1.0017835406143427
2578.0 1.0019908410054192
2579.0 1.0021040667687073
2580.0 1.0026250712285867
2581.0 1.0030656257300625
2582.0 1.002734299877585
2583.0 1.0045252660979151
2584.0 1.0042026085235032
2585.0 1.004848605379773
2586.0 1.0060688600837584
2587.0 1.005651931300677
2588.0 1.0061281098326549
2589.0 1.00685845672381
2590.0 1.007319954838504
2591.0 1.0077970116596646
2592.0 1.0082361372958717
2593.0 1.0094556366962517
2594.0 1.0107660098926792
2595.0 1.0108500932053002
2596.0 1.0127235644179253
2597.0 1.0135735059273439
2598.0 1.013771027491143
2599.0 1.0143227593913684
2600.0 1.0145017584362406
2601.0 1.0137549942402861
2602.0 1.0136488105603148
2603.0 1.0134535039297607
2604.0 1.012668797891328
2605.0 1.0124622218268804
2606.0 1.0114369065512483
2607.0 1.011270708564834
2608.0 1.0116290623601774
2609.0 1.0114823451475827
2610.0 1.01120474469381
2611.0 1.0103692966972546
2612.0 1.0110693174392138
2613.0 1.0097342426725624
2614.0 1.0081371084682291
2615.0 1.007826304608648
2616.0 1.006921093371068
2617.0 1.007529280667744
2618.0 1.0075357644881924
2619.0 1.0079397070584895
2620.0 1.0073389801682577
2621.0 1.0062080584402935
2622.0 1.0060209181892943
2623.0 1.0060784735381447
2624.0 1.0060763483125357
2625.0 1.0063307483206037
2626.0 1.004781657769198
2627.0 1.0053116353457991
2628.0 1.004973964139262
2629.0 1.0043720914694179
2630.0 1.0037154050581767
2631.0 1.0033761980195257
2632.0 1.0023543069025946
2633.0 1.0029307426998024
2634.0 1.0017472489793733
2635.0 1.0034911272422884
2636.0 1.0040522367257814
2637.0 1.0039142318484777
2638.0 1.0032970015564018
2639.0 1.0044441433074585
2640.0 1.0045638164951598
2641.0 1.0048368815518107
2642.0 1.0046053990105859
2643.0 1.004412605885541
2644.0 1.0036501945913618
2645.0 1.002783922608531
2646.0 1.0028960067652697
2647.0 1.003696772040318
2648.0 1.0040937928360472
2649.0 1.0047183203410108
2650.0 1.0052894681901337
2651.0 1.0056850589343274
2652.0 1.0045954380419184
2653.0 1.0036809686480435
2654.0 1.0029805104177931
2655.0 1.0029161020270787
2656.0 1.0030304693068288
2657.0 1.0029156828599766
2658.0 1.0039169936972012
2659.0 1.003252377514204
2660.0 1.0021785860831134
2661.0 1.002932514852238
2662.0 1.0030559763753384
2663.0 1.0037061927016158
2664.0 1.0032723935686652
2665.0 1.0038872659485307
2666.0 1.0043038015426586
2667.0 1.0037297921537853
2668.0 1.0035690388973075
2669.0 1.0036612489784262
2670.0 1.0035510125803033
2671.0 1.0039250242029023
2672.0 1.0038762206187026
2673.0 1.0042842963082534
2674.0 1.0037819845816194
2675.0 1.0037630426148
2676.0 1.0055598984107847
2677.0 1.0044289344538364
2678.0 1.0045497229349698
2679.0 1.0040495310677084
2680.0 1.0030239152037694
2681.0 1.0032917677229511
2682.0 1.0026658087243827
2683.0 1.0027093618029996
2684.0 1.0024298712529256
2685.0 1.0023616954145325
2686.0 1.0022532745253774
2687.0 1.0015714394872597
2688.0 1.0018230060378743
2689.0 1.0004694871255717
2690.0 1.0001915793973484
2691.0 1.0004437939237691
2692.0 0.9997601350458171
2693.0 0.9992880652053102
2694.0 0.998796176568327
2695.0 0.9996357961153071
2696.0 0.9989427022088159
2697.0 0.9984789059099244
2698.0 0.9984425163370099
2699.0 0.9991107668335006
2700.0 0.999052279318568
2701.0 0.9983004198664237
2702.0 0.9985771353081395
2703.0 0.997726831769295
2704.0 0.9974823993098776
2705.0 0.998360993547949
2706.0 0.9975525719995383
2707.0 0.9982688155079548
2708.0 0.9989195224200296
2709.0 0.9992829134313321
2710.0 0.999241498450845
2711.0 0.9997723520003666
2712.0 0.9993749762628986
2713.0 1.000263781517639
2714.0 1.0000888496558045
2715.0 1.0003405231699187
2716.0 1.0008567335903034
2717.0 0.9998764469186026
2718.0 0.9994830252791351
2719.0 1.0000022676470597
2720.0 0.9999517439587156
2721.0 0.9996972052449347
2722.0 0.999826154322187
2723.0 0.9995945827224711
2724.0 1.0002497661337053
2725.0 1.001320012026324
2726.0 1.0010648146980927
2727.0 1.0012910653546265
2728.0 1.0017670399049112
2729.0 1.000691215852361
2730.0 1.0014428520073628
2731.0 1.0016461591666095
2732.0 1.0010024678123957
2733.0 1.0014102930599695
2734.0 1.0011508148396113
2735.0 0.9998258322387
2736.0 0.9996300263546618
2737.0 0.999695642394045
2738.0 0.9988491772552649
2739.0 0.9986092412038282
2740.0 0.9986105750202204
2741.0 0.9973595177403829
2742.0 0.996355338175676
2743.0 0.9966027939213497
2744.0 0.9960097861291357
2745.0 0.9955444511096229
2746.0 0.9945104869269866
2747.0 0.9940372203941097
2748.0 0.9945696720452106
2749.0 0.9945072077574003
2750.0 0.9930784542522576
2751.0 0.9930657672634343
2752.0 0.9933820053605369
2753.0 0.9935843939358249
2754.0 0.9940349529636199
2755.0 0.99446540352186
2756.0 0.9948161953307642
2757.0 0.9935880959666765
2758.0 0.9935335242253412
2759.0 0.9929524665841689
2760.0 0.9945930349328876
2761.0 0.9944613443525254
2762.0 0.9937326026673011
2763.0 0.9936188192104428
2764.0 0.9936000778692082
2765.0 0.9938061355415373
2766.0 0.9949083608280761
2767.0 0.9947381402357325
2768.0 0.9950039258518577
2769.0 0.9955246047494627
2770.0 0.9952410562210592
2771.0 0.9947702289388071
2772.0 0.9948486447460305
2773.0 0.9956841278492635
2774.0 0.995918904002395
2775.0 0.9968861658486454
2776.0 0.9966578787349039
2777.0 0.9968149175310597
2778.0 0.9973185247327783
2779.0 0.9959126528204896
2780.0 0.9968162023636902
2781.0 0.997674775891477
2782.0 0.9978188433203469
2783.0 0.997839934606629
2784.0 0.9984641844546984
2785.0 0.9987963804910784
2786.0 0.998811531622647
2787.0 0.9988389864668561
2788.0 0.9991624252335717
2789.0 1.000052765628461
2790.0 1.0009285882283394
2791.0 1.000697118564129
2792.0 1.0004402612630252
2793.0 0.9999876809199261
2794.0 1.000515698373636
2795.0 1.0003008724386488
2796.0 1.00155155833612
2797.0 1.0015240943185328
2798.0 1.0016224677872334
2799.0 1.0027146344293905
2800.0 1.004377482867603
2801.0 1.0049135692177635
2802.0 1.0047082345889022
2803.0 1.0061972825563614
2804.0 1.0063403974909584
2805.0 1.006953443494354
2806.0 1.0077815666466488
2807.0 1.0071163990919174
2808.0 1.0073097098598731
2809.0 1.0070233511109634
2810.0 1.0065838554429374
2811.0 1.006197008520939
2812.0 1.0057092874746196
2813.0 1.0049146739634542
2814.0 1.00534647687491
2815.0 1.0044096250883776
2816.0 1.0038422322803222
2817.0 1.003872607824233
2818.0 1.003533663089574
2819.0 1.0031904521005743
2820.0 1.0025292893117919
2821.0 1.0033178613852616
2822.0 1.003539776718786
2823.0 1.0028561228516104
2824.0 1.002221107784533
2825.0 1.0026406782561768
2826.0 1.0020432950542726
2827.0 1.0022236021886777
2828.0 1.0016064465718317
2829.0 1.0019338992517384
2830.0 1.0027565884609129
2831.0 1.0022910141706056
2832.0 1.0028752974997457
2833.0 1.0031829517531474
2834.0 1.0036075032280296
2835.0 1.004525037610311
2836.0 1.0055038692309919
2837.0 1.0052329322792808
2838.0 1.0052138530438863
2839.0 1.0056978510676473
2840.0 1.006573588701835
2841.0 1.0064300323004043
2842.0 1.0064100089706949
2843.0 1.0068012713238181
2844.0 1.006853545856226
2845.0 1.0066157451918425
2846.0 1.0081722737631558
2847.0 1.0086647280706031
2848.0 1.009738132241039
2849.0 1.0105034195239078
2850.0 1.0118211252327898
2851.0 1.0124453672534854
2852.0 1.0140095272404042
2853.0 1.0140154149681908
2854.0 1.0150124700118763
2855.0 1.0162298336207687
2856.0 1.016853218972407
2857.0 1.0167437418584924
2858.0 1.017309289216794
2859.0 1.0183047060901222
2860.0 1.0191506409678666
2861.0 1.0179843801018678
2862.0 1.0175306257742234
2863.0 1.0175144749943636
2864.0 1.0170616288440615
2865.0 1.018312865424339
2866.0 1.0174409422166677
2867.0 1.0175542434727975
2868.0 1.017323133987406
2869.0 1.0177405128132808
2870.0 1.0172903601886971
2871.0 1.017645081902001
2872.0 1.0164694427001248
2873.0 1.015895652845893
2874.0 1.0168802687798988
2875.0 1.0158940680919124
2876.0 1.0160372502074915
2877.0 1.01731609846314
2878.0 1.016779541027853
2879.0 1.0161936239657172
2880.0 1.0159326475054278
2881.0 1.0165298837691352
2882.0 1.015901020399131
2883.0 1.0144179793403376
2884.0 1.0143461446465263
2885.0 1.0141350518904313
2886.0 1.0140968181732977
2887.0 1.0129874504657046
2888.0 1.0124629733970318
2889.0 1.0123441409615268
2890.0 1.0126844217269522
2891.0 1.0126752830440198
2892.0 1.0129267456806896
2893.0 1.011842679462032
2894.0 1.0128105088486445
2895.0 1.0141494700664033
2896.0 1.0138528213428506
2897.0 1.014242309557405
2898.0 1.0136945791053904
2899.0 1.013944289863626
2900.0 1.0144991087602555
2901.0 1.01467245092687
2902.0 1.0150286175458734
2903.0 1.0150971882261286
2904.0 1.0158803847897433
2905.0 1.0154800940056172
2906.0 1.0166008450462034
2907.0 1.0170175004654665
2908.0 1.0163912360836238
2909.0 1.0173013151952182
2910.0 1.0162236920796726
2911.0 1.0157164746240468
2912.0 1.0159962423445297
2913.0 1.0158121928876005
2914.0 1.0152288343254288
2915.0 1.015506093335357
2916.0 1.0159103969427816
2917.0 1.0156778162542353
2918.0 1.0156569069020518
2919.0 1.0159322527086605
2920.0 1.0155712406544344
2921.0 1.0157533468297844
2922.0 1.0160238883118706
2923.0 1.0162360458488569
2924.0 1.0165254175074316
2925.0 1.0156512702933123
2926.0 1.0164843960776067
2927.0 1.0167922656005333
2928.0 1.015784724491262
2929.0 1.0152699945244728
2930.0 1.0141417729728914
2931.0 1.0138459679744918
2932.0 1.013338677650582
2933.0 1.0121657361196061
2934.0 1.012571131751106
2935.0 1.0115202574387738
2936.0 1.0117088924104536
2937.0 1.011112430118544
2938.0 1.0119251340780058
2939.0 1.0111978429429964
2940.0 1.0117824723910205
2941.0 1.0113105394694268
2942.0 1.011396408813203
2943.0 1.010243808619876
2944.0 1.0099300836673069
2945.0 1.0090885704633934
2946.0 1.0090062953148957
2947.0 1.0093243220633563
2948.0 1.0086389587070999
2949.0 1.0072037024839813
2950.0 1.0078561546700504
2951.0 1.0082954274828737
2952.0 1.0086858378149568
2953.0 1.0087902423359092
2954.0 1.008948963380069
2955.0 1.0084936834072895
2956.0 1.0102057524528303
2957.0 1.0101593434140443
2958.0 1.0104128183368222
2959.0 1.010670860814826
2960.0 1.0095044861308333
2961.0 1.0100847658035692
2962.0 1.0098931044218058
2963.0 1.008786025445196
2964.0 1.0093917785798372
2965.0 1.0088577058410841
2966.0 1.008858929029385
2967.0 1.0079936639908658
2968.0 1.007880381292197
2969.0 1.0078597683945552
2970.0 1.007686804252226
2971.0 1.0076920571640777
2972.0 1.0082790297785174
2973.0 1.0070871338596532
2974.0 1.0079213624454442
2975.0 1.0080702414322413
2976.0 1.0078995788071266
2977.0 1.00798948348927
2978.0 1.0086364303014592
2979.0 1.008200210535819
2980.0 1.0093777714250531
2981.0 1.0100487487291288
2982.0 1.0090625514578462
2983.0 1.0093287694417952
2984.0 1.010008004172522
2985.0 1.010378942292936
2986.0 1.0103181818980456
2987.0 1.0094850400428317
2988.0 1.0089840823518894
2989.0 1.0098323985724182
2990.0 1.0097940715091753
2991.0 1.0098187343375633
2992.0 1.0093489004644127
2993.0 1.010135180447575
2994.0 1.0097640504882996
2995.0 1.0084189516985818
2996.0 1.0078032824011882
2997.0 1.0067841016465833
2998.0 1.005670125369582
2999.0 1.0058721424715857
3000.0 1.0054221239466898
3001.0 1.0045333237576213
3002.0 1.0047757742119543
3003.0 1.004427257731035
3004.0 1.0048235812157773
3005.0 1.0057211262020398
3006.0 1.0053017393392107
3007.0 1.004638465805738
3008.0 1.003865492646781
3009.0 1.0032958401891412
3010.0 1.0030180774042914
3011.0 1.0036024960283008
3012.0 1.0030949950106887
3013.0 1.0027235917053436
3014.0 1.0022491308726014
3015.0 1.0029644729956
3016.0 1.0035241701565367
3017.0 1.00198900755573
3018.0 1.0027212599086748
3019.0 1.0034153739525524
3020.0 1.0039389100476503
3021.0 1.0031644683058518
3022.0 1.002514199517889
3023.0 1.0026781728496532
3024.0 1.0023460984266228
3025.0 1.0022896075101786
3026.0 1.0021497620379052
3027.0 1.0021024253602484
3028.0 1.0017981210592126
3029.0 1.0012021320224302
3030.0 1.0025881521519702
3031.0 1.0027940038204686
3032.0 1.0025238534998167
3033.0 1.0023234879551786
3034.0 1.0023353654039344
3035.0 1.0023767073364553
3036.0 1.001522193315696
3037.0 1.0009204406761059
3038.0 1.00094438797623
3039.0 1.0016246352417613
3040.0 1.0020605854331543
3041.0 1.002928910354517
3042.0 1.0028661059786212
3043.0 1.0030169411124787
3044.0 1.003133567424693
3045.0 1.004015532754985
3046.0 1.0037840040201362
3047.0 1.004486390010837
3048.0 1.004874344493152
3049.0 1.00485383153954
3050.0 1.0040504494999962
3051.0 1.004541347072724
3052.0 1.0054571669334482
3053.0 1.0056510287602476
3054.0 1.0062583081380172
3055.0 1.0063112940234604
3056.0 1.0066355367999966
3057.0 1.0073866326920078
3058.0 1.0077632142643682
3059.0 1.00865510797656
3060.0 1.0091977691556893
3061.0 1.0104348471522764
3062.0 1.0107195730072236
3063.0 1.010623112534956
3064.0 1.0101946608522143
3065.0 1.0119481997271709
3066.0 1.0114202385740736
3067.0 1.0114716522331417
3068.0 1.0119194527130833
3069.0 1.0117230530866619
3070.0 1.0120420928531388
3071.0 1.010986866391375
3072.0 1.0115402727130665
3073.0 1.0106925339139237
3074.0 1.010582496019802
3075.0 1.0103565251136584
3076.0 1.0106416625352557
3077.0 1.0107648792390604
3078.0 1.0104054208006237
3079.0 1.0095521953292261
3080.0 1.00904245154475
3081.0 1.0085402184005705
3082.0 1.0087479499579435
3083.0 1.0084873583869631
3084.0 1.0088562206780005
3085.0 1.0086845075895186
3086.0 1.0083578959648116
3087.0 1.00758211221628
3088.0 1.0076498251577442
3089.0 1.0076422313754598
3090.0 1.0067806326421531
3091.0 1.005798376063362
3092.0 1.0050326603832584
3093.0 1.005594184540124
3094.0 1.006106749948014
3095.0 1.0053344003037754
3096.0 1.0066331268457687
3097.0 1.0066254700411599
3098.0 1.0064996676600397
3099.0 1.0057681176665043
3100.0 1.0070337401269776
3101.0 1.0069957925309507
3102.0 1.007339493018594
3103.0 1.0062785125094007
3104.0 1.0071388995118629
3105.0 1.006671131674246
3106.0 1.007891233254357
3107.0 1.0081828890788
3108.0 1.0078114864282142
3109.0 1.008279284303492
3110.0 1.0084731107020672
3111.0 1.0093481558940411
3112.0 1.009852653864316
3113.0 1.0090771364340034
3114.0 1.0113313131045614
3115.0 1.011800752968235
3116.0 1.0123217893161194
3117.0 1.0119028524708744
3118.0 1.012746427675897
3119.0 1.0136410295645775
3120.0 1.0129918663907898
3121.0 1.0132116239556248
3122.0 1.0127651857354396
3123.0 1.0126151736661775
3124.0 1.0112877328216139
3125.0 1.0113372595110117
3126.0 1.0100746383642913
3127.0 1.009151237339797
3128.0 1.008313239108673
3129.0 1.0086287364794007
3130.0 1.0083625552828837
3131.0 1.0083997733808634
3132.0 1.0078350670808653
3133.0 1.0073055595971945
3134.0 1.0068633563709235
3135.0 1.0068084779716202
3136.0 1.0075616781098844
3137.0 1.0068636099885624
3138.0 1.0063962057570377
3139.0 1.0057523039937581
3140.0 1.0057176442429223
3141.0 1.006154074323448
3142.0 1.0053599564934057
3143.0 1.0049205179818876
3144.0 1.005345208912029
3145.0 1.004547544940877
3146.0 1.0034962958823863
3147.0 1.0033173265704183
3148.0 1.0023263715130333
3149.0 1.0007254749059005
3150.0 1.000968741883077
3151.0 0.9999363922227447
3152.0 0.9996546408989035
3153.0 0.9991111288128907
3154.0 0.9975095580095015
3155.0 0.9981308006713039
3156.0 0.9973266859095763
3157.0 0.9975897603407891
3158.0 0.9961513531429333
3159.0 0.9960205654588965
3160.0 0.9946096230880578
3161.0 0.9952783982935024
3162.0 0.995865573634575
3163.0 0.9945430150062833
3164.0 0.9945451910065106
3165.0 0.9951624291871848
3166.0 0.9938858445136504
3167.0 0.9939436466786958
3168.0 0.9952555761366394
3169.0 0.9952561045662508
3170.0 0.9944483145175605
3171.0 0.9949942549372429
3172.0 0.9944355780609617
3173.0 0.9945100854569174
3174.0 0.9951075706677153
3175.0 0.995917860075142
3176.0 0.9958968987862155
3177.0 0.9947983042823075
3178.0 0.9951304730815266
3179.0 0.9942124389158382
3180.0 0.994195735628169
3181.0 0.9945528645060284
3182.0 0.994744244533531
3183.0 0.9961125597157288
3184.0 0.9949310787603441
3185.0 0.9951272605074474
3186.0 0.994757178972897
3187.0 0.9957889465971721
3188.0 0.9959792014653446
3189.0 0.9951055610190152
3190.0 0.9959875158626155
3191.0 0.9953371427605975
3192.0 0.9960640918658795
3193.0 0.9957021800536908
3194.0 0.9961528515904937
3195.0 0.9960962975617129
3196.0 0.996990588573306
3197.0 0.9965201671899755
3198.0 0.9965008153301151
3199.0 0.9962649872509659
3200.0 0.9961429404929562
3201.0 0.9970306673136382
3202.0 0.9962823873599802
3203.0 0.9967228037144817
3204.0 0.9973815093433572
3205.0 0.997643461152935
3206.0 0.9975060524629605
3207.0 0.9967849356389549
3208.0 0.9974818739610075
3209.0 0.9967673987215537
3210.0 0.9973012605102249
3211.0 0.9974201629239188
3212.0 0.9975887805395312
3213.0 0.9974134228540241
3214.0 0.9982592393279971
3215.0 0.9987588491622323
3216.0 0.9979162612846703
3217.0 0.9973149817001944
3218.0 0.9978880181957813
3219.0 0.9976591606883093
3220.0 0.9967213008491587
3221.0 0.9971106417193816
3222.0 0.9970919054422888
3223.0 0.99841601787847
3224.0 0.9973634829728217
3225.0 0.9972670867281939
3226.0 0.9972379837094223
3227.0 0.9986625395064975
3228.0 0.999021935073192
3229.0 0.9992017817091677
3230.0 0.9990170762673048
3231.0 1.0001083604315948
3232.0 0.9998433473441906
3233.0 1.0005220777553696
3234.0 1.000823998585236
3235.0 1.0005617530270463
3236.0 1.0009275001747115
3237.0 1.0005829528416954
3238.0 1.0002528429575075
3239.0 1.000354926957625
3240.0 1.0009946483792687
3241.0 1.000358779106529
3242.0 1.0013240172870574
3243.0 1.0014000188637509
3244.0 1.0006922535869587
3245.0 1.0013206672525718
3246.0 1.0016550643372941
3247.0 1.0018775023316702
3248.0 1.0022727279630683
3249.0 1.0020405143299649
3250.0 1.0022430615306412
3251.0 1.0035806788174708
3252.0 1.003940561626249
3253.0 1.0035626589146482
3254.0 1.0040592547802798
3255.0 1.0041380763617014
3256.0 1.00543650127865
3257.0 1.0055612637754507
3258.0 1.005950950748554
3259.0 1.0063906961841622
3260.0 1.0062378233792189
3261.0 1.0067060351698023
3262.0 1.0067254876334935
3263.0 1.0068534547400292
3264.0 1.0089393782373446
3265.0 1.0098765342619467
3266.0 1.010773978805138
3267.0 1.0112721031023921
3268.0 1.012946612860546
3269.0 1.0133583278727705
3270.0 1.014284207591257
3271.0 1.015735747800831
3272.0 1.0163980462703275
3273.0 1.0173272161701101
3274.0 1.018017569297068
3275.0 1.0184452557848591
3276.0 1.0205450899511206
3277.0 1.021433487923762
3278.0 1.021416116862802
3279.0 1.0217889066158428
3280.0 1.0226762241710752
3281.0 1.024799959163365
3282.0 1.0255198303635022
3283.0 1.0258046187268581
3284.0 1.0275762721775057
3285.0 1.028301172753141
3286.0 1.0286269473119611
3287.0 1.0296236807975987
3288.0 1.0298675588867792
3289.0 1.0316344214702244
3290.0 1.0337642582581488
3291.0 1.0343288680897351
3292.0 1.0355475834942385
3293.0 1.0366085836215455
3294.0 1.0368472741996038
3295.0 1.0375710767850967
3296.0 1.0376823326088722
3297.0 1.037463810396814
3298.0 1.0389924119885543
3299.0 1.040594725127171
3300.0 1.0409843629498319
3301.0 1.0421409194379854
3302.0 1.043375134915728
3303.0 1.044294936441552
